40.99997
52.31482
41.764038
62.18753
50.308044
65.26297
36.82602
38.87976
41.385193
30.266632
55.46823
73.69803
32.564575
47.500122
38.029785
46.98816
47.21585
33.799072
50.256836
48.26175
51.126038
49.358215
32.704895
21.651154
62.4617
48.85721
44.524628
37.31653
86.724396
47.75171
39.18802
41.184265
51.83902
42.723328
31.704193
41.75467
53.687805
46.464508
39.167786
57.33618
35.161407
47.21881
41.422028
50.28131
53.691406
31.195618
46.511658
44.953674
41.47632
47.184967
52.467438
37.54724
46.451904
47.290436
53.630554
56.495422
57.08371
40.486908
40.310364
31.629913
36.541107
49.710632
49.6792
57.262268
50.490295
43.481384
61.73468
51.226868
34.039795
59.358368
57.675903
42.957672
41.665497
48.00348
60.436554
34.352753
37.608795
46.97177
35.24881
64.67438
48.804657
53.522827
49.079376
45.213684
41.17456
57.881653
36.87155
81.04465
48.01642
50.789307
50.253967
51.3739
40.046936
41.048126
40.622864
41.13327
41.523132
50.323822
40.744934
43.450623
35.48999
35.91461
39.052002
44.703033
42.835358
60.35437
45.90976
46.0618
48.40042
40.566376
43.843567
36.111786
40.056488
47.184723
66.83203
46.435028
45.695984
43.804962
41.430115
41.723785
67.338135
43.610535
44.681305
51.742645
41.479065
63.038666
40.823914
37.670044
33.682495
46.81436
56.972107
59.35498
35.961975
45.92447
38.50168
58.76938
58.77533
49.368164
42.149048
49.421295
51.914764
42.101868
45.37082
49.9758
50.761322
56.11145
42.36133
43.142487
38.10318
59.362946
36.66577
43.98587
61.65454
63.802216
44.173737
42.690186
50.22812
37.35257
44.257294
46.840668
35.28305
61.016846
22.185547
64.93036
59.926636
54.45398
63.244324
38.267395
38.377197
49.808594
48.017334
44.540924
44.67276
40.76834
40.258667
44.327026
47.82852
48.18506
36.584625
16.335938
65.25189
44.479065
46.698578
36.863434
46.979675
58.40091
60.431
45.940674
28.009949
46.165527
41.867706
75.69638
40.621704
40.594604
40.95169
64.57541
35.03186
53.04544
46.885986
41.032776
59.081696
43.833588
35.990906
52.858826
42.237366
45.883606
42.462128
53.684967
39.164337
41.55606
39.871185
55.844635
50.0235
39.095642
47.758545
44.364166
50.402893
49.068848
48.535034
56.6958
55.341766
53.87903
50.35736
41.66205
53.54309
45.67395
43.155518
45.50128
39.652466
40.063995
48.004486
52.218903
50.923065
42.612976
32.02069
32.40277
42.448242
44.19876
42.72946
38.776184
49.70999
35.212555
38.06247
48.848328
43.950714
39.94278
49.68863
52.805145
36.06302
40.707764
39.89508
42.800995
44.07672
54.56607
46.08496
47.67276
46.270905
35.606354
52.08185
52.390076
37.839386
43.63797
19.810791
44.92984
46.783356
31.895508
47.93091
63.0885
51.30133
37.888214
56.463593
43.876404
57.295563
46.96982
42.1044
43.522003
48.300323
46.814636
39.093018
51.00293
46.072784
41.159363
58.310455
52.368103
31.956024
36.438477
43.144104
46.488617
46.19461
41.80536
48.20633
47.889435
49.69214
43.328094
43.069244
48.549835
32.422424
55.054504
62.016632
66.3667
48.011078
48.271606
41.893005
47.28299
33.597046
38.41861
43.328094
49.89572
57.55728
53.604004
44.3107
42.30789
53.93686
43.413025
38.624207
50.853516
39.6239
44.55548
55.8132
37.846985
43.343872
43.257782
37.237488
46.734863
43.22467
57.802155
45.403778
41.711792
41.344574
44.23706
46.36676
32.26242
49.35321
79.5907
42.8414
53.496674
48.155426
78.41257
39.95822
55.426605
43.026093
44.774445
32.489197
55.363556
60.47708
42.75943
52.68387
43.65979
38.018707
28.245209
49.581512
38.469757
43.91342
38.81311
47.87146
39.1922
37.909485
39.17502
49.206207
48.953094
58.27472
33.748047
42.059235
42.03769
48.866302
70.894196
49.509277
55.19757
29.351288
43.67035
37.03473
51.424133
41.0206
50.17218
42.606842
54.643005
61.795166
38.107727
44.381256
37.222107
45.664307
47.24881
42.485077
54.655884
42.21341
40.807465
51.187317
48.856415
46.364838
34.27362
33.037354
58.4852
42.139038
57.408234
42.536255
40.24362
40.728516
40.48053
51.7218
42.231293
51.16272
37.53134
45.19995
42.91098
83.09238
44.909973
52.29123
62.31363
50.234375
33.98358
38.006775
62.372528
40.706085
48.379944
40.28647
44.598877
44.84305
53.53534
46.177673
46.04892
55.383545
61.900482
36.90271
46.061523
37.3179
42.992584
35.291016
47.682983
39.77835
57.885498
42.72046
53.680084
42.54599
44.572662
37.544434
46.980286
47.63318
50.001648
36.30844
52.309418
44.7536
39.03009
53.73233
42.944458
46.578094
39.01834
38.547577
42.099396
40.68744
45.869476
43.45453
38.153137
50.323975
50.033997
46.857605
43.119965
40.654022
53.397034
41.253815
44.166718
41.151123
38.59659
38.78598
39.29712
43.29074
45.61032
49.529694
41.971832
48.424408
29.66388
57.12732
29.03183
36.857025
61.66211
53.11032
62.3172
50.851624
49.042053
43.676178
34.592346
45.23352
53.41336
45.39627
49.516663
40.99057
37.539856
46.781677
37.871246
35.94864
57.55246
47.25531
47.61093
46.92758
46.559143
45.101776
58.197113
42.171204
54.36133
52.373108
55.518646
62.54419
38.876007
34.418793
42.69931
45.586975
64.65674
34.143158
51.43753
44.551727
40.62152
37.681335
42.484222
64.41757
55.1882
45.08606
44.29068
72.026215
35.008057
43.096558
45.80066
52.356903
38.71161
46.47409
49.04425
43.328094
44.60547
36.33069
34.339355
47.257904
39.894836
52.04709
59.180786
53.179657
45.020355
39.33435
46.36447
55.61093
41.185974
50.296722
72.914154
40.266174
41.19232
40.301697
53.875153
70.20526
45.025696
36.1933
49.311035
62.524536
60.867798
45.520844
39.728485
61.558136
65.50427
48.405273
36.136993
45.90573
37.72354
41.809753
48.549957
41.26367
60.21759
49.471497
39.54367
44.7883
43.416443
51.375885
43.10617
46.53015
45.22052
66.03247
47.240173
54.544556
47.492584
55.05252
38.501373
19.51889
48.720764
37.29535
40.732605
47.069183
58.063843
33.699738
42.10089
50.8396
51.46286
52.58194
53.940033
53.50525
40.035553
51.735016
31.765167
35.4841
41.030243
52.556946
49.551086
32.13083
36.370636
40.01065
38.2713
46.117645
49.703003
50.13217
42.05017
51.516052
44.40851
36.207794
39.060455
48.63211
41.375977
46.91696
42.228546
50.039856
39.098816
65.45712
39.335815
40.57846
58.635803
39.493073
43.328094
57.641388
55.323486
52.822723
35.581635
47.523865
54.899933
49.070465
34.984406
52.1586
43.809326
44.89511
46.098938
63.966248
43.766937
38.778778
39.361115
37.79019
40.9487
58.061462
44.96106
26.322083
40.76947
41.978607
46.57605
46.378967
50.186676
49.529327
36.99185
46.320618
42.70746
35.413605
49.1192
41.999176
50.77945
35.35974
40.60736
50.873505
39.89145
31.838196
57.443756
40.706146
83.24243
42.795044
51.714844
43.9364
39.303955
46.48587
49.73404
38.11795
56.56311
26.237152
50.056763
49.414368
44.322906
57.726044
37.520844
52.708435
52.38336
38.724457
54.44922
49.628876
47.20642
59.271545
54.71588
41.286377
40.876038
65.556366
54.46634
45.15454
46.487793
54.088196
61.897125
51.46811
47.839874
35.73633
41.25293
56.341003
46.169434
45.694244
45.888947
51.086456
39.587585
40.41925
45.366974
42.78238
34.820587
32.88916
56.514374
29.313873
41.399353
46.832397
47.867615
44.003815
58.85962
41.499573
42.34601
38.873962
46.736694
66.52121
46.193176
44.91501
32.886047
49.104645
57.423553
48.856598
31.21753
57.861633
42.412354
41.305634
51.184998
45.717926
58.55185
62.173706
43.605774
41.0744
55.253906
45.212402
39.92868
55.453583
57.56848
46.64908
37.790894
56.048676
36.359467
41.2883
45.089325
44.802887
56.286438
45.32065
48.15326
36.72635
64.78351
44.687134
65.06418
37.14508
50.663055
44.48703
69.85666
35.80362
52.94467
45.180298
38.743317
39.532135
46.602295
36.516144
40.712677
52.488617
52.714966
45.92096
41.21634
49.68817
60.814972
32.13083
50.37381
48.130493
54.986816
36.5166
61.352417
51.11212
52.643463
58.68506
44.87857
39.148407
50.65808
42.096527
46.041565
48.006866
69.97922
41.2735
36.106598
50.21631
55.420776
54.734894
51.94345
51.91571
44.7045
42.68219
54.171295
35.113586
50.24771
48.351227
61.270355
35.523926
42.505585
54.042084
52.67801
34.259552
41.69217
36.238678
39.724487
56.761047
42.21747
41.18747
46.874023
40.368774
47.571136
36.02237
47.181763
34.750427
59.697845
45.295227
54.78311
38.963715
46.942627
54.605316
44.770996
42.990448
42.3266
49.053345
42.608917
52.402435
47.412903
42.96457
40.925293
38.209015
44.72577
51.181732
56.591644
43.04294
54.959717
47.40445
62.954712
40.579803
53.516724
33.69171
51.42682
56.139313
43.328094
43.272125
49.963287
47.155304
53.095245
36.559906
33.669647
44.101135
38.283813
50.233032
40.226074
53.13214
51.400146
34.049927
47.74652
45.020264
53.345215
37.091736
41.658356
43.328094
46.827484
53.648895
46.89087
51.446686
52.32547
38.994537
48.281677
62.42975
40.94034
40.01953
47.251617
39.245544
39.666412
45.553925
46.135223
44.117798
43.45291
39.308044
46.90741
51.170288
37.28598
37.121185
40.15631
35.799103
34.00009
40.690308
45.809113
55.980164
40.070923
39.68878
27.217834
46.327545
31.264221
52.287018
44.114838
39.42105
61.295258
45.017212
44.5513
24.551544
53.941345
42.852905
47.856873
40.782837
39.898895
46.43347
49.077026
34.121063
43.90384
46.195526
52.96814
41.410553
42.42462
40.98938
49.1568
38.809418
42.74362
69.86432
55.90692
38.267426
48.313843
44.963898
62.30252
52.967834
47.830475
44.85901
33.131317
36.384827
45.62155
42.849243
47.318512
38.428375
36.743927
37.455383
34.2807
43.546722
40.91446
37.6951
65.29703
54.21057
54.804626
39.727356
44.797577
39.131866
48.537933
57.4993
39.262787
44.037415
48.526154
49.507233
50.12152
51.510223
34.604828
59.66046
67.13269
61.6344
46.89032
35.02304
51.65851
55.526215
46.220093
51.38272
38.58023
50.5271
38.954437
54.128296
48.579895
62.351135
48.846985
46.27234
42.175537
52.926117
46.594177
36.56656
46.718994
53.773712
50.792175
43.937958
48.96591
43.605743
46.319733
42.440216
44.750153
45.605255
36.895905
48.555115
35.23883
50.338104
43.29956
54.642853
54.359802
44.63739
46.006226
20.735016
37.899506
49.904358
49.310883
48.43283
54.687866
48.22351
34.64917
40.865173
50.27487
44.847656
60.51364
43.433655
53.648804
56.202545
71.97403
46.619934
40.568848
43.0997
47.931824
46.155853
49.279785
36.896698
43.005554
50.038605
39.50525
45.03766
51.6922
40.953003
59.12799
48.502045
52.55786
43.338593
44.4162
45.11969
50.041107
55.2695
28.13382
42.738464
54.94937
42.231293
54.6445
51.752136
56.5567
46.97583
53.31433
44.653534
45.305023
45.202515
48.245758
41.68692
47.2948
35.045624
34.860138
54.350098
50.668457
61.813477
38.64099
34.843445
33.14633
44.977936
56.388733
43.05298
35.704132
32.634857
42.672913
52.23993
51.97809
42.796265
34.85614
41.815674
51.165375
49.11496
46.147705
60.453796
73.39203
24.826172
32.9877
44.551514
39.12372
50.987213
42.71457
53.77298
59.394196
59.989044
41.651093
46.363434
44.779297
39.177948
46.65323
58.967987
43.365326
27.813873
45.91919
31.52417
49.88864
48.095093
41.783173
50.051605
61.134552
43.85489
24.758636
34.94391
34.995056
38.93808
45.37381
37.813385
37.059998
36.229126
53.166138
53.983673
41.483215
59.236908
56.78366
48.12851
38.524597
66.61182
51.03598
37.453003
78.4426
48.54669
43.534363
45.981995
46.11502
41.55014
38.17038
41.527466
51.427704
52.063507
36.615875
46.428833
35.575134
52.027588
43.732086
50.57895
58.46875
35.26178
52.759644
32.88971
40.285187
52.258392
56.210632
48.23822
66.068756
37.315704
50.853455
32.73874
57.97281
59.249237
37.81308
55.227264
92.48508
54.931366
52.140564
45.67157
55.621307
57.153137
48.604614
47.87039
60.54294
53.66037
44.337463
52.77722
47.11078
49.72934
51.49594
42.30005
53.550293
37.487946
46.31378
47.628418
41.47513
42.588196
53.73178
49.78958
38.855743
38.10605
41.811096
55.066345
42.98166
70.479034
51.92737
70.51553
36.935455
52.274902
48.453674
40.052673
42.377563
43.336243
35.8631
45.73221
38.431915
36.378937
48.98239
43.006012
30.656372
35.74463
54.17511
45.559723
34.951447
54.135864
60.506653
28.599426
43.481445
50.68582
28.530853
46.976837
49.80432
56.87607
41.597015
51.831665
65.8981
40.783386
44.072388
47.92572
53.332184
48.245087
46.184326
56.44748
45.982025
66.10797
35.49237
45.263275
50.963257
52.39334
50.843414
51.353638
32.776703
32.57605
44.358856
40.19699
32.557373
46.537323
45.230408
43.15622
40.587433
34.38138
46.927765
54.197083
36.264923
60.701355
40.768433
42.21823
58.247894
37.756042
32.197235
36.462585
56.95688
52.078796
51.86615
29.891388
49.12384
47.65039
42.907257
55.693146
31.355774
56.556915
48.218567
56.879456
52.924347
37.381775
48.743958
40.528503
39.49991
51.30429
45.253418
34.77896
33.519623
39.527435
47.074524
54.621704
51.478973
44.079956
49.285187
30.733124
37.302948
56.295288
48.627594
42.506256
40.089905
37.667603
41.795105
38.845184
39.378815
46.41043
56.569153
54.11673
57.83792
48.944794
39.679535
51.28601
38.815735
51.508728
46.027557
60.11084
43.66632
41.493713
47.423584
38.30005
50.13318
32.46338
48.748657
36.00894
41.860382
46.480377
49.77292
54.42685
30.319397
49.8385
47.775238
58.544098
47.891632
47.058685
48.88974
47.264587
39.543488
44.071686
36.121765
69.22937
59.290375
45.00113
41.76187
50.624847
46.36145
52.3248
42.873047
39.144043
44.948303
38.381958
30.15335
48.191956
52.500427
57.96759
47.440094
40.61554
47.882477
62.591583
46.805786
48.945923
36.242157
55.30368
42.56479
38.150665
50.625122
44.761444
44.97818
52.506195
68.162384
44.12912
57.540802
37.948242
42.437378
37.513794
58.270325
41.037872
44.519623
40.5744
51.5394
66.10217
68.93033
64.08844
46.605988
42.84497
37.46042
44.756958
38.277893
45.006958
53.73114
53.092377
49.733124
45.259247
41.52884
39.807312
48.73767
42.582916
46.704803
46.0972
47.78711
46.9115
41.032166
54.48047
44.345367
39.45758
41.46466
40.975647
50.918518
48.178436
43.931427
41.947174
47.55722
39.688385
43.7417
46.89914
42.650482
37.921906
55.254883
55.57144
52.574432
50.51474
52.30902
36.736664
44.261505
44.972076
41.204773
54.447845
51.210876
41.980286
35.23346
45.59659
43.346466
33.14633
41.610687
48.961487
39.586945
37.756012
32.306824
53.478912
67.55707
64.53735
51.419495
44.64621
40.283722
40.228363
29.628784
51.471375
63.52054
42.83438
46.65213
44.876343
66.947876
45.04904
55.52112
52.31845
47.2406
42.389587
43.650208
29.656128
70.05725
37.07968
45.845123
30.964142
58.707336
48.21881
45.146545
49.52527
38.412598
44.677063
46.18466
52.814575
33.912415
61.01648
42.071045
39.408142
34.105927
46.609985
41.242493
61.78656
35.073486
41.18451
44.536743
39.794952
40.376892
45.6799
44.054108
46.594513
43.57724
42.87372
55.51892
59.739502
56.7688
50.50833
41.85504
38.072388
42.91748
44.60202
42.236145
46.630585
58.291077
42.7471
59.48697
57.429443
49.095154
38.938354
54.969482
38.938873
45.34503
42.143005
50.02536
38.442505
48.272186
36.464813
36.921295
41.87848
35.60504
44.313843
46.840576
49.59897
46.16739
59.956543
47.806793
46.697266
38.406097
48.266357
56.489227
54.57126
49.61618
45.169952
52.2854
27.24881
49.710022
37.9552
47.84677
56.124603
38.325226
72.82611
51.98474
64.58255
41.979797
48.189606
35.35974
39.95172
45.330444
40.277496
33.663635
41.736847
44.06299
56.160095
50.353912
37.40564
64.476715
41.403107
45.44232
46.951904
46.17343
53.43878
58.52997
45.75952
42.889587
40.20569
39.775787
39.910156
71.68277
32.422424
51.918945
37.521515
116.41022
53.113434
40.83777
39.0513
36.491882
41.55249
45.762695
48.48456
42.42856
58.41617
46.205048
38.137573
39.9252
59.10556
47.332733
46.519806
52.842194
50.71692
56.242096
53.35553
45.561523
55.049713
45.59558
52.425232
54.58728
57.85373
46.405914
44.35373
59.35553
38.04312
42.656708
47.51581
45.23886
47.874023
39.796448
45.567444
38.894745
41.431488
41.651306
35.873413
40.349487
41.12375
42.957825
35.132904
60.371246
40.615692
36.984314
60.134186
44.347717
43.836884
55.223724
49.79419
49.60208
43.810883
55.970856
76.74548
55.08087
47.63446
33.729767
65.2171
50.412476
62.324036
44.523315
48.611694
46.168518
35.690033
54.23175
35.354187
55.132385
47.48236
37.27643
41.357147
65.4722
38.415894
49.749756
48.56372
35.963593
47.518646
39.07086
30.597229
36.327484
45.75116
38.01349
39.27234
47.508728
54.30432
36.93219
33.789307
38.785248
27.010803
48.756653
35.026367
47.238556
43.968933
57.47516
69.44092
47.36905
40.909607
42.44394
42.25641
40.11435
43.315247
40.246796
34.927063
54.016052
52.393707
36.7175
57.789673
63.06076
42.713806
40.42682
43.436157
51.08777
50.178192
56.7771
54.40683
57.75821
51.328827
40.305267
45.39969
51.27133
41.19516
46.717377
37.092865
35.263123
40.891724
41.111237
44.39334
63.564728
44.58789
45.95224
42.132416
35.077637
49.912506
53.893585
47.5972
53.653015
43.749542
42.722504
47.976105
40.377777
34.150146
29.997375
47.85556
52.88318
39.871643
44.362244
34.65262
59.2294
34.79779
61.550995
55.42047
40.301117
33.72888
40.803955
72.23343
39.96585
60.05905
31.592773
49.016937
43.367035
40.96631
52.70758
32.745605
48.90735
33.596497
35.64749
27.00058
38.668884
51.795807
37.02777
39.686707
46.41928
52.18152
44.18521
39.695404
57.335724
41.14322
39.373474
56.54901
48.14615
71.06525
53.338165
43.13977
40.61554
41.96353
51.239136
44.516663
38.968292
32.39032
52.930298
50.76059
45.546356
52.3992
45.529144
51.238495
47.530945
55.442688
46.812927
47.366333
50.651672
30.73169
34.534973
53.077515
43.047943
49.477417
47.977936
42.415955
32.119537
32.93744
53.473724
47.903748
34.56186
42.554504
48.54428
56.187836
56.29071
55.165894
39.656525
45.776154
40.494293
38.071808
51.49994
35.50351
40.76056
50.68457
39.53958
62.605072
48.50827
48.556458
44.75589
48.19812
44.266296
60.997528
40.78723
52.378693
51.397614
40.96991
55.25775
47.071075
39.38022
43.474182
45.066162
52.976746
42.115112
48.68634
58.871918
45.708313
60.28485
44.981995
45.21924
46.550385
46.577087
36.416595
38.54883
53.563385
47.263184
39.12265
38.61624
52.53418
36.00119
48.33847
43.211
45.625824
49.261627
40.69159
43.611816
52.79715
49.483154
39.249054
46.21643
41.318542
28.938507
43.942627
50.337006
54.747955
42.63318
38.601227
60.635956
56.880646
46.689667
41.291687
39.77292
53.723907
44.860443
36.54013
41.722687
57.77954
46.91678
44.77539
45.36371
44.08893
47.759796
38.07257
60.244415
53.043915
41.504852
36.89023
51.205475
41.771454
49.87143
41.85266
48.512756
42.447144
35.981964
42.26532
51.065216
33.667145
49.794434
57.190613
41.534424
47.90097
56.37802
46.184174
55.791656
53.653564
39.591858
50.554688
48.982025
48.312347
45.33136
66.11313
49.266724
44.804657
56.071655
37.267548
79.07413
40.649384
40.221558
43.071075
62.97943
43.109863
65.83923
45.382263
41.420868
49.54648
43.506714
42.384857
58.75821
56.496918
80.02524
45.004272
44.17328
53.473114
45.248047
40.079437
51.965668
52.536957
40.301056
43.10605
66.36694
42.48233
45.860413
34.25653
53.264404
49.024994
54.52646
38.452362
57.217285
43.890747
63.335083
35.486176
50.6857
37.90384
44.168854
47.513794
36.22708
44.31842
61.702972
41.79953
62.18457
53.572113
48.565063
54.19818
46.874084
51.120575
36.831177
59.235077
37.557434
30.37265
47.73532
49.292877
46.924957
35.208557
43.76718
51.548157
48.810303
42.78708
33.692993
31.957764
46.545776
36.443085
51.83664
37.729004
39.51587
48.755188
42.951355
42.217926
43.454193
61.872833
39.827484
55.656097
42.96408
48.112152
48.13678
39.561768
42.51651
42.0524
43.328094
59.098053
50.57074
49.26056
35.282806
49.636078
41.963562
44.712555
37.44461
45.619263
57.639404
56.711487
36.37271
37.239807
33.101044
42.73181
49.00641
43.92383
57.44287
32.373688
55.01877
38.94934
43.831726
52.45877
42.3443
40.09207
53.48526
55.660797
35.605225
49.90799
44.75775
46.230286
51.713745
43.17914
38.384766
43.7948
42.513
66.09497
55.78824
35.927704
47.168793
31.126709
49.126343
42.6174
51.078247
48.5506
50.896423
43.295837
63.2081
33.9321
38.83087
57.199463
57.631653
56.115265
55.056366
40.345093
52.98358
44.322327
45.938904
36.110107
54.049164
39.751312
45.634583
41.290527
61.62558
34.51465
41.857635
44.7294
40.409485
55.057068
52.875732
44.042297
49.448547
53.156616
48.238403
47.35788
70.002594
44.702637
44.80841
61.676056
61.056854
38.631073
54.71286
51.18219
42.88571
43.43878
52.684875
51.05417
57.0654
47.101807
63.373108
55.767975
43.321106
57.829346
38.12497
60.46222
37.646027
40.83792
50.88434
39.826843
65.12619
58.265015
41.10553
34.443146
46.503174
39.869873
26.770142
45.372253
47.781677
42.220154
57.99698
47.701538
64.13818
33.55371
26.878632
41.239624
55.360046
49.035522
55.304993
49.34369
43.676025
31.318756
46.670135
33.67444
45.208588
45.28412
54.34253
52.569
51.041687
56.637512
37.044373
60.02185
50.04129
38.752106
77.14789
56.40448
44.243683
53.805603
37.346924
50.371216
40.449097
39.23233
50.807373
52.32138
47.954773
40.836945
41.85791
62.882446
35.102356
44.920685
56.763336
42.35208
57.530457
37.224426
45.06137
36.37329
43.224426
35.527893
54.36859
51.168365
44.544617
36.35376
40.86319
36.674347
43.92859
50.778534
53.996094
44.54007
43.881256
51.193787
37.596313
39.151978
56.14557
35.09366
38.632843
43.77649
58.20526
36.958282
42.990814
43.34079
49.10443
50.964264
51.176697
46.93857
44.13385
44.158813
42.44864
50.13855
34.04779
43.900757
50.04129
31.617462
47.19052
44.405426
53.984406
47.46875
56.535156
36.08658
39.63687
50.033264
49.092743
71.07306
64.0061
42.77246
44.983887
41.45056
39.45688
43.011078
40.39633
37.26233
57.92926
47.640503
36.404083
46.681274
47.750977
66.20239
54.9881
58.743927
43.08258
45.94687
46.301575
44.901825
44.14978
47.054688
41.02945
45.966705
32.89566
54.00934
31.389893
37.469788
37.807068
41.570343
40.582672
48.53009
32.13083
38.596313
74.05292
41.460938
45.239136
55.812836
42.08438
51.683228
52.477997
42.466583
50.631195
32.18164
47.143158
44.18933
62.327057
53.533173
42.4787
30.238678
46.204346
39.45987
34.105347
41.728302
36.79477
48.27591
52.18689
46.661896
40.275177
38.546387
52.643707
47.725677
47.82959
33.736755
44.31082
36.36035
41.45999
47.59445
37.89807
56.449615
49.946747
47.101166
55.97882
34.861176
43.36148
46.66626
39.85681
54.63095
45.019714
38.610474
35.522186
42.4382
41.088074
39.667877
39.9292
45.540833
45.051086
55.58722
41.521545
46.58307
46.974945
40.05429
42.142822
43.580902
34.295258
60.006775
46.91342
44.387726
36.888336
46.139435
59.611786
40.615234
42.0123
42.98816
50.083557
51.396454
60.891693
43.594116
44.96219
38.838898
32.821808
45.209442
40.089294
58.64096
43.301147
31.907806
45.38147
47.36447
70.63489
47.151794
52.0307
41.720154
44.253143
45.291473
44.966522
57.82602
53.164825
47.278625
58.12796
48.031128
41.06964
59.2323
43.25168
43.082367
44.347015
55.893524
38.700012
46.558167
49.37799
46.782623
47.280243
42.019012
50.045563
48.883545
64.324646
50.129852
33.178406
55.55002
58.710876
61.729034
34.339355
43.303864
46.35092
43.49655
55.38199
47.17392
41.787354
39.098633
45.238007
47.845673
51.108215
49.608246
54.537415
47.339935
53.57077
51.650513
46.560577
45.72107
39.23639
33.24472
54.27997
49.981476
52.819733
41.79068
51.490204
33.943512
34.607574
68.50476
41.381287
50.60486
49.233704
32.50763
33.14633
54.492706
45.445007
54.756134
62.23889
45.304993
44.668457
34.81012
49.238953
49.345
39.978485
46.563293
45.8721
37.48651
33.037292
41.468018
37.539307
41.585175
30.522491
49.321167
43.328094
44.60498
45.61969
45.621826
37.9357
34.33014
36.34558
57.972076
46.52774
37.453674
50.06839
37.010498
46.90164
43.323853
51.681854
41.92929
48.419678
44.57077
50.99289
48.418182
45.239594
64.767456
57.09305
38.562195
43.85318
34.851074
39.09607
33.04123
54.952606
48.23822
43.9787
49.672607
61.28705
49.974976
46.004242
47.552612
39.325073
43.09842
38.35367
45.188843
51.811035
47.513916
35.0383
46.80432
48.277252
45.933838
51.82596
64.15091
39.509552
51.85739
40.357513
47.554962
52.59909
47.819305
48.164978
38.348297
41.789703
49.310944
46.20996
65.28845
48.41574
41.152374
46.72583
45.10486
40.14142
45.04544
51.130493
42.02664
57.224213
32.27884
50.642273
38.681793
51.537964
55.550507
43.11075
41.059174
47.216797
50.227173
46.039764
42.16107
34.66696
42.262726
36.07541
46.862762
60.074066
38.3945
46.80484
50.495758
56.364136
45.347565
29.30603
37.932404
47.609375
57.131805
54.645233
64.13504
46.38556
44.240875
44.156525
39.475006
46.439697
53.329132
44.730865
36.6857
65.143036
43.468964
56.29547
53.172913
46.500122
80.921936
48.701294
45.284393
34.494446
41.88144
34.147797
44.45523
55.831635
54.406403
51.432648
47.52466
53.388123
42.579193
42.39273
52.21582
34.516785
38.02115
41.694763
45.39041
32.969208
55.761536
41.722107
45.640045
37.903076
55.22812
45.10315
43.33368
56.63867
43.157837
53.414673
47.145233
54.378906
49.48474
51.58777
56.52121
40.511383
40.1109
58.06534
45.15027
45.389923
41.693634
46.680145
42.9328
48.49637
35.930756
46.653107
56.7287
36.6463
52.94107
44.679596
46.65753
35.556458
50.31778
56.989502
38.51718
65.91199
61.987488
50.229034
42.79361
36.295563
45.340424
39.12628
56.749634
53.044647
50.97238
42.12079
39.184723
53.264954
48.959534
42.491547
42.615906
49.329254
41.088135
40.68814
62.553406
36.76239
45.162262
36.585327
43.458557
47.7771
55.815247
51.665344
46.4151
49.79123
56.25827
46.80121
46.59433
56.40445
35.092224
61.713623
36.369446
40.77478
46.255554
42.868744
43.200348
44.046814
45.472717
37.380188
46.095764
47.832397
48.170135
32.453552
44.51523
49.316498
42.247894
42.917114
31.73581
42.726685
43.010468
52.308716
44.26187
48.045288
43.18579
52.39618
44.97824
33.32773
46.549957
61.154663
52.724243
46.4964
56.134766
42.17737
43.174835
42.506622
46.70215
48.7052
54.25296
78.95767
52.896088
43.87494
51.0867
40.984833
46.626617
40.696075
45.51648
48.673553
47.381012
37.6062
46.682617
35.7576
45.788513
49.754303
39.56668
48.82138
39.69156
41.90158
33.59854
45.664154
49.929688
39.748108
41.466644
32.377563
53.55362
47.47162
37.60309
46.014343
38.131653
35.934937
44.35074
53.34723
47.837524
51.188965
42.72455
38.569244
43.821655
54.433228
48.933777
49.648315
42.59915
62.5506
52.62961
51.86783
55.652557
43.370575
33.48239
41.888428
51.596863
41.105286
55.98294
42.81595
43.961914
39.63434
37.50882
53.702576
42.32605
41.159576
51.543457
36.656067
42.521667
57.027557
44.323822
36.844635
43.797607
57.12732
39.29825
39.836334
39.417816
36.376984
48.45804
53.845154
49.268005
42.025543
43.328094
48.121185
57.101135
52.501923
58.652435
50.622223
44.46988
49.557495
50.860657
41.720398
35.913208
51.89731
37.682556
47.340637
56.328735
40.614655
52.141266
61.972137
37.60376
66.06723
59.112274
53.78293
42.2688
38.72754
56.503906
42.885315
47.26181
44.63449
60.902832
55.504272
45.537903
37.330994
48.90802
46.450165
40.74292
71.11124
45.34372
37.67627
43.916046
36.078766
38.634674
47.753387
46.89325
45.33667
27.915558
44.31778
50.92508
41.509003
64.43863
38.783447
43.16986
54.909027
48.991516
44.135895
52.657837
32.552216
42.16858
38.973175
42.12439
32.631897
44.694397
47.549866
60.43756
68.70456
47.98877
45.808594
36.559906
35.5047
36.295288
49.109314
27.74588
40.852417
53.784546
49.79892
48.706116
55.790466
49.95639
37.49823
51.97177
43.57492
53.80551
46.98642
44.3172
42.426544
36.911743
65.19855
74.8056
49.99582
50.71643
45.108704
47.29599
39.61316
39.426605
46.390564
56.687866
41.49362
57.182495
43.313843
38.811554
39.15689
36.149933
63.862274
74.759186
50.65451
41.744354
41.116913
59.086426
50.32669
57.89975
51.046936
41.2088
49.426697
43.126892
53.771698
47.408722
40.656433
26.691223
59.637787
56.583008
47.681244
74.90689
52.076385
48.197876
38.096893
53.563324
55.971466
33.390594
42.483124
36.70642
59.157867
54.67032
47.81476
40.96765
33.899292
42.946716
44.706665
43.045593
65.75833
60.990448
43.488678
44.575623
30.537903
39.44403
53.95157
38.828735
40.752747
38.851593
56.801666
40.519775
44.497925
56.296448
51.572327
42.932404
43.714996
51.26944
47.305847
36.394165
40.27896
38.76877
76.80087
49.36505
70.18863
43.667633
35.079254
48.66449
41.52704
33.510742
40.199738
42.8226
54.876953
54.113647
58.335327
49.258606
45.46994
57.431
41.652313
47.977448
37.41913
41.479523
60.23291
40.170593
56.606506
53.338806
21.084991
48.99063
41.970764
52.591095
35.487854
52.62564
46.106995
49.274597
41.058807
33.682922
54.663544
35.983337
41.21469
47.411682
38.671997
51.075653
35.38095
38.34903
39.265137
47.161102
39.685944
41.398285
48.651825
37.44153
39.76056
42.417877
43.4946
37.682648
37.59143
63.238617
50.64554
49.31659
36.091644
65.59183
49.032562
43.06775
37.661407
39.713654
67.81259
58.146698
36.406525
37.09906
39.842102
44.9386
50.23996
50.976227
60.82791
46.129242
50.59482
64.262146
40.08194
45.76654
55.726074
43.49716
47.237854
30.750122
51.996277
47.207397
50.548096
45.00766
43.6174
42.606598
37.048492
52.810913
62.68802
55.541473
38.671997
36.378296
41.393707
37.884583
50.036743
43.40149
48.69864
62.221832
49.876404
42.127106
46.413574
49.898376
45.509247
49.71588
41.718567
50.40866
41.540344
43.289795
49.350616
40.236664
49.73001
29.63144
47.325012
36.092407
51.240845
60.14853
55.371887
40.57605
55.632202
46.131348
52.70352
49.343323
43.725403
43.30435
38.102905
45.343933
45.56241
36.512085
37.358063
43.76767
40.933685
43.740448
67.49603
49.65793
45.550415
60.84149
39.91623
32.88205
41.060486
33.497253
37.407593
48.26645
60.431427
48.16867
42.00992
38.82849
50.1817
48.36609
45.963165
41.569336
54.91989
38.686615
36.512177
39.80484
41.436615
57.950745
46.36325
57.37726
51.694153
50.882233
37.52008
43.411682
51.726135
55.69226
41.803833
52.299408
58.622314
43.483307
41.619446
36.840607
68.39624
50.691956
47.892853
44.0607
68.502625
32.06842
44.666992
40.642548
49.581238
49.868774
48.062714
72.215515
36.385193
54.342957
44.48236
47.68213
55.36508
43.735565
45.14792
47.307922
51.906464
65.571014
60.51468
40.690918
45.263336
59.595947
41.101196
74.02295
50.59601
50.016144
46.003906
42.92166
39.164062
50.590485
39.27298
63.28009
53.640503
45.611298
49.93698
45.572296
45.32306
53.032043
37.176758
51.682526
45.3114
28.206665
46.05667
47.725677
36.84555
40.96585
43.494995
42.393402
45.213196
50.540222
45.130432
63.76242
46.216003
42.543213
40.052765
48.556458
53.86798
42.486145
38.008575
42.703094
38.782593
52.18042
58.69052
48.545105
40.050537
58.74521
44.90088
45.795746
65.8176
45.509094
47.111298
50.5625
42.931427
40.42804
47.029755
55.281006
41.67389
53.602386
51.857452
34.40912
49.119995
43.982544
35.34851
49.11557
41.144257
58.99713
33.60193
46.899292
40.50403
46.46759
60.089325
40.12909
59.181244
62.47357
61.176727
73.54642
40.846344
49.267944
40.68033
42.111694
42.950226
46.48941
47.756104
53.92685
42.753174
49.115997
52.0838
40.49536
36.153137
60.510498
38.61142
48.933777
42.66037
40.351196
38.38797
37.503754
41.356384
49.084167
47.024017
57.114624
42.419952
56.799194
34.94452
19.467712
56.940582
48.556458
57.223755
43.715515
39.25772
43.140747
46.978333
65.59531
36.917755
40.40515
59.141907
45.752625
43.706116
41.77835
36.347168
47.70279
25.411774
48.842804
52.27118
39.33127
38.63452
41.38031
54.21237
34.423706
47.442932
46.651703
56.56009
53.465088
51.81427
39.6062
53.049072
35.417816
51.080505
45.954224
53.900482
32.955322
39.200348
36.952454
53.222656
44.150085
42.0206
26.650635
40.168823
41.107117
62.803894
53.341187
40.007416
50.995056
42.753143
42.441223
43.158905
43.476227
37.814606
44.03363
47.876007
38.078156
53.80316
39.922913
46.321228
37.674683
46.159637
55.08322
63.60428
43.910187
47.16214
43.63797
60.34024
53.51013
47.098816
42.533905
38.482178
38.169617
45.308807
49.058685
43.847534
50.209564
52.24057
67.684875
57.947815
41.050903
42.523163
46.52069
52.073822
46.084473
46.38806
74.18033
38.19455
55.97467
46.9982
56.66449
57.987488
52.19745
47.539093
44.72815
42.16574
53.11139
41.2583
37.68393
41.604675
48.642914
36.05899
44.65915
41.76703
44.552216
42.640625
44.33139
53.80298
48.409332
41.620605
36.55774
31.060486
23.330688
34.45346
41.64258
38.555695
51.80533
61.051605
45.80475
40.863525
51.609375
48.890503
40.796844
53.51004
39.69565
60.48639
57.503265
42.624634
47.90326
39.114044
41.66565
47.489136
40.717316
32.621613
44.732086
54.96988
44.38327
42.63437
37.587982
57.77118
64.425995
44.977264
52.66095
44.129517
55.484802
43.39853
60.052185
54.261566
57.81787
43.585358
41.55545
42.85211
49.64862
55.440125
40.136658
38.82779
39.5932
47.909485
42.742554
71.54132
53.48059
42.04724
52.155487
45.565063
37.052094
45.490692
58.915833
37.661682
44.444122
47.90335
51.106537
32.218414
47.29648
63.972565
39.53018
48.80829
37.066772
61.34134
36.703278
46.787415
47.683258
48.296234
42.74185
44.181976
43.722473
50.151306
44.74402
52.81128
36.76773
54.89688
39.483337
43.786133
43.04901
36.374756
51.197388
49.663147
58.502197
53.886414
62.065796
51.910645
45.2164
43.067596
48.967987
65.56656
46.04535
34.82495
39.651947
46.36267
60.896545
40.112762
45.899048
52.21927
47.447693
70.35614
51.942535
42.33145
48.649323
34.00009
47.445282
58.97281
49.069916
47.78607
34.700653
35.7872
46.37384
52.46103
62.14218
40.38681
40.106934
35.685913
44.644318
36.09839
51.972992
43.979797
37.473022
39.230896
55.500305
38.842316
42.504364
43.759064
44.695312
46.127563
48.276123
40.38382
48.655334
53.76956
53.640076
49.122314
41.64981
57.57788
81.23212
36.25943
37.39557
36.455933
50.526794
56.35675
48.373383
42.94867
41.093292
44.83084
38.986755
40.37271
47.671326
44.839386
41.118195
58.444214
57.218964
43.567932
70.194214
36.200012
51.190796
41.05481
51.484406
39.726654
59.24524
58.900513
61.888367
48.920532
36.13266
41.823242
40.157166
71.4776
52.434204
35.62155
44.977936
44.755127
56.352356
59.301666
60.63144
37.530975
42.612396
41.388123
44.76657
52.206543
54.03311
53.1651
50.7836
52.939453
49.72278
54.180542
40.252716
45.49826
53.745148
44.16324
37.211426
34.345398
60.71805
39.384674
52.667206
41.761566
44.600067
33.804443
37.87915
45.602448
38.71353
44.015564
47.40155
48.6185
55.935516
41.561646
43.214386
52.98517
60.346985
42.850403
44.25522
35.560547
57.65323
62.731567
58.85678
38.91745
54.26938
49.104675
43.782684
39.63684
57.85907
57.118042
51.574707
39.736633
35.03717
53.580414
43.56192
43.023254
49.77487
62.043518
53.197296
32.05139
37.125305
52.496582
43.868958
52.437653
43.536438
37.12677
42.731415
47.782623
41.990143
33.956573
62.889404
42.029083
46.236664
35.363434
54.054413
48.292297
41.143433
43.871704
38.872314
36.022064
38.797882
45.33786
44.714417
62.596558
37.936066
44.86017
40.975037
41.51007
33.58011
38.558716
45.27588
63.41089
51.464478
41.367493
27.443115
32.940887
38.934784
80.53818
51.410248
37.38449
47.761536
54.29944
42.676422
43.365326
54.3898
52.10843
55.59372
48.722046
43.770813
54.406403
45.366028
33.74875
44.17862
46.9964
44.904144
50.083893
53.747864
48.38971
47.37378
48.43701
48.093475
39.538483
36.84494
35.85852
39.089447
42.272156
49.397247
41.598297
40.16696
44.758453
46.783295
47.191833
43.32425
50.112213
41.14438
51.444977
34.721893
42.386322
57.649323
55.49008
49.259583
32.20407
51.5737
40.74521
52.56247
49.14966
37.120697
41.601166
50.960144
39.15103
47.57498
45.64102
50.046448
46.881165
46.592438
35.91269
46.455322
50.217285
34.754578
43.111786
50.94757
41.5502
55.566345
62.397278
51.918396
56.971375
51.466125
46.271088
50.186615
36.96515
45.850037
44.337402
65.35065
37.3815
42.464233
35.289124
58.776398
44.96924
57.323486
46.95572
41.31421
47.15619
48.23059
50.003387
34.75287
49.965393
42.333435
52.09198
47.731354
51.28244
33.81714
50.586823
42.352142
41.104004
67.28912
46.60547
52.051086
43.964783
60.363617
33.885498
37.286163
42.519012
44.49237
69.283936
43.593964
52.172974
43.73404
44.86789
52.554047
42.5065
55.537537
43.96759
52.597168
46.86618
45.46457
60.826874
33.352356
37.32135
71.71246
52.168823
50.963745
33.15506
59.619568
71.45953
47.089478
50.264984
39.289642
37.860046
41.11978
45.701996
40.549316
52.22342
44.11386
47.2836
48.64154
55.664368
37.54669
46.926422
41.142303
50.416016
41.266357
49.351624
49.864532
37.1763
48.434265
35.82614
47.260834
58.307495
46.359436
48.261414
39.430145
59.4664
40.2099
38.23938
36.186127
54.016052
45.87854
41.632477
42.911438
58.562256
39.64801
45.632935
33.300568
43.696198
44.11685
48.44513
59.51355
43.116913
53.30899
38.056885
63.604553
34.2959
39.30435
39.029144
42.04367
47.835846
42.45407
36.92032
52.150208
40.806732
45.529755
46.005096
55.355133
57.369507
41.312897
46.047394
39.465546
38.412384
49.684937
56.765137
34.257538
56.70868
39.753418
45.238586
45.77408
46.689606
41.17578
37.422882
39.2977
39.143524
44.983185
48.195557
42.188416
51.885345
57.964325
43.984467
45.35019
44.88434
42.30658
49.8515
48.069427
50.402252
35.1597
46.02011
36.690857
53.72766
35.274048
45.984528
55.89261
44.81433
46.925537
41.03418
31.497955
77.734955
35.583923
49.94467
35.146423
45.75052
40.505188
44.23233
48.277374
48.700317
42.9039
67.27646
64.5683
35.927216
45.11261
45.324554
41.000122
34.470917
57.661316
41.12137
45.536133
57.099
44.963043
47.233063
43.157227
51.758423
49.36209
51.122803
64.07709
52.67215
39.309723
44.939667
49.223022
50.152344
36.854492
53.318726
45.0011
46.96228
47.434814
42.615936
32.948853
58.84436
48.666504
41.73456
49.894623
48.54245
42.012146
42.53891
47.38803
52.017212
33.925323
47.971405
49.26895
52.317078
46.206543
50.85208
28.841187
40.493927
55.89331
51.253387
33.13919
50.49347
47.134888
55.157257
41.97754
47.854584
43.27356
48.245728
45.58795
47.722626
50.9581
48.237152
52.91684
42.569794
45.707245
37.82498
49.134888
38.931213
55.380585
42.67624
52.320435
38.858917
45.7334
45.732513
41.732605
31.651764
45.600983
35.73471
58.097717
42.522217
46.98056
47.211304
54.465027
47.66101
57.534943
51.91031
45.735718
47.471375
47.61856
46.537994
44.050537
63.364563
40.20462
35.44629
33.15863
40.141846
54.34015
38.60025
50.846985
45.90927
54.26831
57.46341
50.448456
51.626556
50.322723
57.911896
71.14157
50.76648
30.739014
50.71933
35.621704
65.07541
33.999664
47.615112
61.827454
53.705597
51.499603
38.92575
41.221893
40.817963
34.50241
47.64685
54.930237
42.70633
35.475403
55.774017
36.46335
48.30063
66.18332
52.354523
51.014893
60.522125
36.775726
45.64792
41.364197
75.255035
54.229553
49.01526
55.15497
39.07013
36.86801
54.395966
50.305267
45.348206
53.250885
51.076904
50.416046
35.18515
38.593414
60.66336
43.018036
46.673553
40.501373
38.582214
49.63272
49.866302
47.487915
50.606323
34.4411
46.302887
64.13449
43.454193
52.30017
45.371307
46.555267
49.10977
44.844574
32.11508
36.335754
50.81427
55.64908
47.650085
37.708893
51.365723
39.278137
43.431
49.080414
38.13559
40.511047
59.33206
48.75461
77.79663
48.105255
36.352783
41.621613
31.63919
51.733734
42.20273
56.84961
40.900726
49.182068
44.062378
33.108856
44.233063
46.15732
39.487915
41.553955
38.843872
42.19641
46.944458
58.61734
42.887756
49.86847
34.551636
42.908234
40.857666
42.943176
47.36844
56.790405
41.990234
42.24298
52.672485
52.76483
38.858185
46.28296
54.157623
49.9924
50.959717
41.42801
37.574615
51.89966
54.50171
37.036285
49.01584
49.46695
49.901062
45.48947
53.425507
53.763947
39.335083
40.569183
36.96344
55.466644
42.631805
40.01642
50.33017
56.500427
62.476044
54.99048
44.85434
48.374847
44.058807
41.097534
41.4205
45.32553
54.55359
39.82852
46.655853
54.60251
41.549652
39.77643
38.153564
48.63153
24.726196
46.241608
41.61789
36.5318
44.374573
44.824738
83.97629
40.22693
37.14029
41.671417
48.134583
44.19687
53.33496
43.00052
41.358795
42.714813
49.755005
37.566833
49.31778
56.285828
55.30075
55.025543
47.40338
50.40564
35.657562
46.718414
39.375885
45.52588
36.02362
49.99945
54.80545
48.544037
49.383545
49.71768
60.34262
37.775665
34.07724
37.579803
66.43518
39.18091
39.67398
40.17563
67.13663
48.03366
47.85681
16.335938
47.085907
52.350525
47.567078
42.52069
47.141296
35.661926
54.86862
49.411713
50.893494
30.369873
61.072357
46.4776
51.662323
45.601166
41.803986
45.73819
51.3537
43.206726
44.73706
49.164154
41.27954
44.378815
50.883698
59.013733
48.57071
44.970245
41.298737
38.838745
38.685516
47.285095
57.29547
37.600494
36.6528
35.83069
50.991394
42.90445
49.670258
61.754303
57.135284
42.484528
39.17926
50.237976
54.68924
50.94922
36.59323
46.865295
51.99341
51.17285
53.35315
36.15747
39.610596
41.523132
42.678406
52.486755
71.13324
60.593903
55.486755
46.203247
39.255737
46.39218
31.371246
40.28534
43.31601
39.9375
43.30008
51.140656
46.820312
40.808197
53.390472
46.27292
40.82495
41.382233
36.01187
55.630463
33.429016
48.411255
50.626617
78.104004
42.428955
42.86389
42.555878
52.414886
42.025543
41.05548
49.910126
43.69992
51.472748
37.453033
48.414154
45.67224
41.58127
49.08139
42.163055
40.65094
49.62729
50.74536
48.166107
44.013977
49.332275
39.528015
42.676666
59.55182
53.033203
35.115234
49.538147
51.352356
40.55008
38.74872
55.814056
45.181335
44.931427
28.78476
37.85019
34.765167
50.70169
42.277435
63.674988
40.54294
49.318512
35.321075
42.38669
47.014374
56.30481
34.90744
48.00067
47.273163
45.98346
38.467285
45.516266
49.700653
51.46945
50.377655
40.907288
53.93808
45.517426
37.59973
45.96295
56.788635
63.980194
37.12027
64.315735
27.31668
45.432007
57.426147
46.897125
37.577606
63.906433
56.250366
52.75421
48.91559
39.49939
49.175995
44.766327
34.36841
41.877228
60.575317
54.51245
37.807312
48.35147
44.258667
47.724884
46.256317
34.975433
58.54654
49.875946
46.86084
48.888184
57.825928
55.116974
53.082336
45.000793
56.49402
42.389557
51.03662
49.599274
52.405
42.89792
35.28305
48.60309
44.513153
48.904663
53.641388
42.451813
38.400208
48.420715
50.467163
44.182068
40.484833
41.8909
40.94931
49.05612
43.864075
39.38797
63.791718
55.710052
45.724762
54.48239
51.016357
44.263
52.297394
45.91284
36.951782
51.490967
42.57602
38.86969
33.047607
41.51599
38.413788
60.048462
49.243652
52.21649
57.46753
39.44626
46.981903
47.013336
53.303772
51.847687
38.857178
44.79956
57.118896
38.86151
60.99704
65.82504
50.068115
39.58777
52.017395
61.45102
39.61258
58.582275
46.68344
43.685455
38.822815
50.06015
42.94699
36.163483
42.98398
45.003815
41.5271
57.50119
44.504486
32.940735
48.893494
43.155487
41.723022
51.64279
47.226624
38.379517
40.584564
49.920837
82.737946
48.18567
41.909515
45.129456
51.67102
43.88565
36.797943
57.123474
49.74597
44.26367
47.575684
45.993103
41.31433
40.97699
50.370605
75.3262
39.21527
55.801453
43.736694
43.531036
35.449707
49.237366
29.288422
50.452545
64.92868
49.423798
47.49182
52.506348
46.246246
47.295685
53.372833
38.6019
51.65088
44.97699
39.51941
61.415955
37.968903
41.63797
45.615845
39.982117
45.781067
69.38666
60.052643
48.35443
83.266846
44.175568
37.499725
53.82077
46.443237
46.239777
24.256683
45.682526
55.036316
45.45764
40.772186
50.638153
47.731964
52.198578
31.479523
45.575714
75.18152
35.13394
56.30896
40.789795
46.32663
48.11252
41.858917
43.470154
52.0347
41.29428
61.53366
57.177032
39.30768
51.888916
58.155792
54.06122
50.7081
52.83783
52.69391
73.65286
37.56546
41.336456
42.672607
47.320953
35.22809
51.416046
45.66858
49.086853
62.67273
59.904663
57.718353
42.786102
44.48285
53.47876
43.415344
58.841705
48.589966
72.97327
45.263336
51.134277
48.630035
41.255066
59.470764
38.534027
42.231293
50.840973
44.523163
48.804688
42.604004
36.697693
46.899597
37.609344
35.88153
34.508575
45.575287
35.610046
45.290253
42.346924
43.153595
43.560425
44.805542
47.62491
63.86917
40.591003
52.957733
41.319702
45.81491
47.376434
41.878143
45.99176
55.10681
45.44232
37.408875
38.99469
50.96454
50.169983
51.91562
43.344513
37.661804
41.490173
44.385315
44.605316
34.425568
32.797302
45.276
43.44214
43.113373
45.733368
46.758118
36.17804
51.421844
45.947723
42.54059
46.358765
47.757385
38.717896
61.45337
46.03015
44.67856
41.242584
44.760895
48.432617
40.977478
63.161713
51.139496
54.4581
35.4787
48.65869
50.20572
73.14267
40.01828
43.747375
52.309143
51.264343
41.618683
41.503723
46.938873
40.86551
49.49231
42.189392
58.881256
31.648987
33.76831
47.87628
61.067566
43.543274
53.51181
55.19513
47.32956
42.558685
43.70465
49.95288
45.28195
51.071747
41.7688
59.985138
57.211365
37.239594
46.026154
51.861725
48.97754
38.372833
60.381226
47.695312
36.362
63.0354
47.819702
50.032013
54.788513
57.027283
52.151917
55.486877
48.229004
45.64279
36.69171
38.78119
58.680756
55.474945
40.199158
47.851807
36.66916
50.61087
39.612335
45.079407
41.144745
49.894165
43.903595
46.4794
29.772308
41.212494
48.888733
59.566956
45.108032
63.200684
41.032562
42.443115
52.848053
51.49344
36.635254
44.15683
54.46747
80.48059
37.79355
35.449615
63.840424
44.45352
34.015137
39.817383
59.133057
47.07083
39.73709
49.20401
42.960754
