-354.79227
-337.7923
-358.30798
-318.94385
-338.99188
-341.17538
-362.24646
-350.9018
-368.85144
-381.25522
-333.4433
-310.27185
-363.233
-352.5274
-373.55646
-340.01102
-348.9944
-360.87534
-333.96014
-338.61996
-342.529
-341.5269
-360.76266
-397.58292
-323.72864
-337.65253
-349.87247
-352.44153
-295.5298
-346.4336
-352.96704
-345.59497
-335.69922
-355.82758
-366.23492
-351.58862
-336.43396
-353.81964
-348.75955
-330.93054
-362.72095
-348.37332
-348.73343
-345.2862
-338.1574
-363.5068
-352.93323
-346.32617
-359.27698
-341.18265
-336.51495
-372.04547
-343.2989
-335.325
-339.88535
-327.54782
-327.3177
-349.90695
-359.7017
-362.56238
-361.2369
-335.71957
-337.34125
-326.48035
-343.97647
-347.91934
-318.9615
-337.27356
-368.73206
-332.12738
-346.0618
-371.41742
-368.29236
-342.19196
-326.89587
-359.28162
-354.07538
-371.90555
-364.66895
-323.11624
-340.44504
-337.9321
-337.31436
-342.79688
-345.40353
-320.23434
-379.33987
-301.58936
-336.3829
-336.14014
-354.36047
-352.67276
-350.15033
-352.14142
-363.0223
-349.05917
-350.00433
-365.9308
-368.51166
-349.21698
-356.7174
-358.5617
-353.01678
-363.47882
-369.81036
-319.6914
-341.6988
-343.3498
-342.8898
-349.33786
-342.9675
-356.60254
-353.2928
-346.13736
-340.93402
-343.27655
-345.0498
-344.53848
-385.87415
-347.75024
-336.69308
-345.07245
-369.845
-342.99744
-350.3821
-318.33826
-353.66263
-353.2783
-385.43378
-350.8491
-327.28384
-323.8834
-358.38684
-345.9785
-351.9726
-348.9069
-332.8308
-344.89114
-346.0113
-346.71484
-338.45383
-355.414
-342.1765
-342.42908
-337.31958
-341.30182
-359.07373
-352.45258
-353.88794
-324.46094
-354.4796
-345.4338
-318.83606
-318.61414
-351.60693
-344.9353
-341.427
-360.6514
-348.27576
-348.13568
-358.90952
-325.61478
-393.71082
-318.54385
-336.7595
-334.25925
-327.69696
-361.7942
-351.01276
-334.33224
-363.36945
-346.6672
-358.1366
-350.79404
-350.96777
-345.1446
-352.5653
-343.5495
-355.00662
-392.36893
-324.33337
-348.58832
-367.32724
-367.87036
-341.02255
-324.64917
-327.2206
-342.39795
-366.77472
-345.55405
-341.661
-310.78757
-348.4082
-349.21674
-348.22717
-319.873
-359.42276
-332.3218
-344.17474
-366.95724
-326.39447
-343.98395
-354.89127
-345.2759
-349.98743
-351.66562
-349.20105
-353.92902
-348.68283
-350.6287
-351.14743
-330.45654
-337.01846
-353.16626
-343.07007
-348.08966
-334.20282
-339.45602
-343.90768
-359.72845
-337.20383
-359.21307
-350.45245
-366.96613
-329.92154
-348.96704
-347.91666
-343.9025
-353.8001
-348.0855
-343.0142
-333.92166
-339.99023
-343.81592
-380.38147
-391.72
-350.49826
-359.27515
-354.55267
-352.77432
-337.8827
-356.50024
-361.11102
-345.25116
-350.7817
-350.44394
-342.75192
-340.9891
-356.73926
-349.103
-349.41495
-359.0006
-346.4579
-359.7541
-349.66156
-340.342
-350.72662
-352.12045
-339.40695
-335.54013
-364.40308
-347.62552
-397.84613
-343.6834
-340.16046
-362.93826
-342.45026
-321.7799
-340.62766
-350.70078
-327.37802
-347.0169
-325.50504
-349.44232
-345.52225
-352.71927
-369.109
-370.61118
-351.8653
-339.33685
-353.8272
-358.97946
-330.47137
-338.3121
-361.70575
-355.94592
-365.46027
-342.10297
-348.80826
-349.87576
-344.9972
-346.69788
-363.59064
-347.1902
-348.9776
-343.91437
-393.5868
-326.5762
-321.74054
-317.02924
-341.5817
-352.64365
-357.2291
-347.44366
-360.61475
-359.94586
-347.1902
-335.51514
-328.56964
-335.56403
-344.02582
-351.4167
-329.13116
-356.35196
-351.45956
-336.6884
-352.0548
-343.54987
-333.63266
-352.7848
-343.3454
-345.34604
-370.73547
-342.36267
-348.80206
-332.32474
-344.8015
-349.28152
-367.3347
-342.51907
-344.21957
-371.27023
-336.81955
-300.95853
-345.4661
-366.77878
-341.66544
-304.8714
-350.83978
-333.9597
-348.60535
-351.94965
-362.42743
-331.51053
-326.02588
-355.83643
-336.12762
-343.12637
-353.00916
-368.07108
-340.17188
-388.51843
-346.49573
-355.61673
-340.6942
-347.2141
-352.4893
-348.8083
-341.16504
-348.0924
-326.24783
-397.19394
-347.22113
-352.25256
-340.61917
-317.09357
-333.10123
-329.38376
-409.20392
-347.45056
-356.0895
-338.93085
-348.9889
-334.75845
-350.90656
-340.05255
-336.39758
-354.93
-345.30893
-361.74536
-340.25528
-367.07892
-346.4262
-334.7673
-344.3852
-345.11584
-335.02863
-343.50266
-368.83008
-359.49667
-360.82266
-331.04236
-349.08752
-335.45148
-347.58182
-349.58975
-353.38562
-351.96564
-340.00314
-347.4155
-341.37262
-352.19107
-346.41095
-351.90485
-295.90408
-346.55173
-337.89465
-333.52048
-340.67035
-357.48462
-381.8729
-321.47305
-351.13733
-340.9859
-351.06036
-344.30658
-346.5727
-335.63647
-349.987
-341.11545
-330.7765
-327.31613
-355.44717
-367.83652
-354.15326
-346.15387
-359.5571
-336.28607
-355.4138
-324.62582
-361.78784
-334.84854
-351.9954
-349.25497
-355.28708
-354.15906
-344.53537
-344.76178
-369.4958
-331.9892
-353.10593
-356.14716
-332.80585
-351.6176
-344.74942
-352.79776
-379.95148
-347.11755
-359.15982
-346.25037
-350.82812
-352.86444
-347.03705
-341.9709
-351.7858
-347.40665
-353.38406
-337.22394
-346.07983
-365.93103
-351.3277
-361.5195
-360.16748
-368.4552
-346.30322
-344.67944
-355.552
-348.5475
-340.88477
-364.97778
-332.2188
-365.3675
-369.29907
-328.11612
-339.38046
-325.30878
-341.02628
-336.8036
-353.7082
-357.02298
-361.6467
-331.6445
-339.7963
-351.96973
-347.3931
-360.34222
-347.9031
-352.8294
-358.45596
-332.8243
-342.87198
-340.5902
-339.93216
-375.64093
-343.89584
-326.65756
-365.09406
-333.73068
-333.86072
-330.48456
-321.0305
-353.76633
-357.94553
-356.58615
-360.82983
-317.93372
-359.40073
-337.00818
-349.22473
-357.03168
-357.24744
-340.72406
-320.04218
-335.15192
-344.325
-341.92374
-311.61603
-374.07956
-347.50912
-350.18466
-338.54352
-367.36517
-346.0488
-340.1571
-347.1902
-351.349
-359.50366
-358.1532
-341.52386
-376.75504
-346.17947
-326.02005
-334.65247
-346.30914
-348.241
-352.53842
-328.8407
-353.4165
-340.81845
-323.48993
-350.93167
-357.3974
-346.79016
-328.86688
-313.9808
-348.80817
-357.5315
-342.50443
-324.28622
-327.23602
-341.6611
-353.65894
-325.52814
-322.85718
-349.98865
-356.42456
-344.67368
-352.08884
-348.11353
-349.35986
-353.64185
-321.2674
-339.56885
-351.52863
-360.3146
-346.32272
-334.85632
-345.87094
-344.73523
-374.11255
-315.998
-353.75732
-329.87598
-339.27173
-333.09045
-352.5785
-423.49536
-341.76407
-380.85858
-350.03293
-342.17035
-335.30103
-365.68137
-356.86652
-348.14877
-338.34396
-336.8388
-332.83456
-334.18512
-356.63422
-348.43607
-359.50055
-373.84912
-350.4334
-337.95166
-341.62985
-364.0607
-370.26538
-353.1728
-360.11575
-345.65283
-340.5435
-355.31543
-347.79178
-338.95026
-347.7653
-358.66577
-352.6834
-340.07812
-346.86676
-354.9927
-350.97437
-352.66907
-350.55798
-318.1225
-353.27347
-354.06662
-324.43457
-356.06412
-347.1902
-335.11646
-335.16232
-330.2173
-360.12006
-337.19623
-333.89093
-334.04834
-357.01385
-347.21683
-347.90125
-340.25098
-346.52835
-321.65198
-356.1701
-355.99323
-379.0048
-379.72675
-357.44482
-329.85938
-345.63144
-375.4787
-355.39246
-356.052
-343.82794
-338.4507
-337.51025
-342.01636
-351.88687
-343.30704
-393.94144
-368.78076
-338.08966
-346.37003
-335.15286
-360.75378
-351.4358
-337.65863
-361.51175
-361.23264
-329.35184
-352.14868
-297.53717
-348.47034
-332.22766
-349.4902
-357.3811
-341.87082
-339.08987
-355.73663
-337.41553
-368.19666
-335.54062
-346.0778
-344.5407
-326.77838
-356.44135
-346.8847
-334.5102
-362.41638
-338.48633
-340.27307
-342.34705
-330.3653
-333.42725
-348.54727
-346.33936
-324.67947
-334.39655
-348.65964
-351.1328
-332.77664
-320.07004
-337.9652
-341.98862
-359.8127
-349.52325
-331.18936
-345.07803
-352.12067
-337.27686
-347.79813
-361.72867
-353.61066
-369.6949
-346.9907
-359.86618
-358.16727
-338.20743
-367.02368
-351.0902
-370.41666
-338.83527
-349.00223
-363.1429
-347.66705
-348.93045
-352.63004
-340.6656
-327.33038
-341.95303
-342.52887
-368.53278
-355.2563
-329.67905
-343.04395
-356.82632
-330.49945
-342.538
-374.5578
-339.54706
-346.50696
-349.78137
-321.55695
-345.96698
-352.1931
-330.57025
-345.98883
-358.61255
-329.8303
-329.9213
-345.15448
-350.80142
-329.00183
-356.911
-346.04462
-342.98596
-345.4655
-337.03397
-343.4814
-340.2589
-352.68518
-335.231
-349.35925
-321.42212
-360.2501
-335.08374
-347.83337
-317.91956
-369.4556
-334.63638
-345.3952
-351.77048
-359.14548
-350.0876
-356.82037
-352.3921
-343.90686
-337.41302
-361.82202
-355.25952
-338.4089
-328.86722
-364.0607
-337.085
-340.85364
-330.53152
-352.10217
-325.8083
-337.76657
-337.8947
-331.58167
-344.0377
-350.903
-337.82425
-348.92484
-362.0725
-341.73178
-316.52203
-347.62195
-356.8122
-338.52435
-339.07385
-332.29025
-335.4091
-340.38855
-347.63528
-348.9747
-335.86273
-359.12457
-346.261
-340.89856
-324.1621
-379.29565
-347.3214
-332.2187
-364.68134
-356.7421
-362.53046
-356.99756
-346.95477
-330.69897
-378.2481
-346.46118
-347.81128
-360.67563
-348.72733
-359.04883
-343.7549
-355.58325
-324.25485
-343.02374
-343.78723
-350.1573
-343.14935
-351.15228
-345.3075
-347.9532
-346.24173
-333.91165
-370.5889
-334.9502
-346.17935
-346.19348
-354.6293
-372.9725
-348.45508
-356.87692
-336.46283
-351.39255
-334.12802
-342.26282
-322.85107
-346.38846
-383.08124
-359.0323
-342.70462
-324.83444
-347.1902
-351.10385
-345.59756
-341.7193
-344.8734
-359.42273
-358.5711
-352.31668
-358.53198
-340.29474
-350.49103
-345.45282
-349.87207
-368.02286
-343.8624
-344.21594
-335.21954
-354.78705
-374.0525
-347.1902
-353.26797
-336.4832
-348.32617
-364.2059
-341.26254
-350.65198
-348.31494
-321.56412
-345.26843
-355.86066
-340.88074
-352.10767
-349.5783
-357.35663
-353.66852
-341.13095
-349.01837
-353.91306
-347.12497
-348.80487
-372.37943
-352.23947
-351.30634
-368.4353
-357.12915
-357.65817
-345.23535
-382.49667
-353.34967
-351.22485
-368.11078
-341.5606
-363.50845
-335.6427
-342.36414
-352.96585
-336.0349
-343.10422
-347.85303
-371.3663
-337.52966
-347.18417
-340.59402
-355.2231
-350.06696
-350.4105
-345.18524
-355.25635
-352.49304
-342.69843
-336.4651
-367.2647
-345.6711
-361.71228
-339.54938
-350.8799
-357.09222
-325.83096
-328.54483
-353.04944
-353.57758
-344.22305
-344.6802
-333.18036
-349.0947
-344.4423
-361.12213
-355.3689
-342.51614
-372.49194
-338.74
-354.65744
-354.70386
-352.1668
-378.82886
-352.27283
-346.31097
-360.06665
-310.03613
-340.10944
-346.22986
-356.46594
-344.5136
-351.07703
-332.34152
-332.21234
-349.8476
-343.78656
-340.76846
-339.73413
-340.55463
-340.30334
-360.01123
-323.4592
-316.01736
-325.65417
-343.57034
-365.20245
-338.48734
-331.57477
-346.7713
-330.0278
-355.46555
-335.2737
-352.3376
-337.8734
-346.7055
-352.2296
-366.26016
-346.2374
-352.00623
-335.0233
-347.70322
-356.36194
-340.85925
-351.86337
-381.39075
-355.9218
-348.52872
-346.43973
-352.37317
-352.15567
-348.8827
-345.66315
-358.23508
-341.23187
-357.15656
-338.45065
-344.2672
-337.1642
-333.06378
-368.79733
-354.75345
-394.78394
-355.41754
-347.5903
-338.9878
-343.28146
-361.9074
-339.98914
-358.539
-352.35037
-338.80902
-345.63992
-327.5615
-343.251
-346.36197
-351.25366
-311.10812
-342.9349
-350.39502
-348.3015
-358.43292
-342.8222
-336.0003
-367.76752
-350.5499
-337.37604
-355.13837
-352.197
-340.71082
-350.69843
-333.28833
-341.89914
-360.03116
-349.3418
-348.881
-350.94183
-335.862
-339.75943
-368.7339
-347.07593
-331.12045
-352.26184
-334.73468
-345.59177
-334.7097
-346.78125
-338.3
-345.40796
-349.8263
-342.44492
-347.84717
-366.85065
-358.68518
-352.873
-360.77133
-333.66714
-338.22937
-323.1508
-350.38916
-354.1902
-360.8694
-348.9729
-360.7807
-345.82123
-363.1506
-379.1108
-351.18146
-335.0738
-339.85275
-353.60187
-384.2434
-348.23257
-336.87396
-345.0946
-340.44186
-320.9493
-312.88867
-370.0916
-363.2375
-354.57343
-358.0861
-336.4878
-348.77118
-356.86548
-328.07626
-327.89435
-372.8349
-346.14734
-344.59763
-353.20932
-339.02014
-334.99255
-381.85703
-362.1688
-356.87244
-361.84412
-336.64825
-341.30038
-356.99826
-339.07034
-341.15295
-360.08685
-372.37933
-361.36365
-370.31537
-352.76596
-347.57516
-357.0809
-356.4364
-353.69388
-336.88266
-338.6303
-353.26135
-331.54626
-329.54968
-353.1246
-367.7322
-344.42218
-336.6136
-353.5042
-315.83698
-350.803
-352.47235
-349.01498
-335.0702
-352.7883
-368.74533
-360.7927
-336.02985
-338.63315
-357.12073
-340.6977
-382.24432
-344.83484
-346.92502
-339.00174
-330.12802
-358.5995
-338.26202
-360.065
-357.2832
-345.5852
-332.78442
-350.35284
-327.65277
-358.49017
-344.52307
-361.3186
-353.28824
-331.9241
-375.5342
-328.9227
-294.7997
-330.1176
-341.3673
-363.15897
-330.53183
-332.9957
-358.25623
-343.96765
-324.13974
-339.525
-359.48047
-333.65564
-371.72534
-340.03104
-331.08063
-351.40613
-323.1365
-361.53152
-342.98328
-341.05228
-348.53934
-368.12244
-352.05063
-339.16098
-351.115
-353.67752
-348.79526
-340.58533
-346.8089
-305.81094
-335.33914
-307.60846
-375.95078
-363.99597
-341.53976
-348.65958
-358.42166
-356.44244
-358.35577
-341.32178
-350.5092
-385.2409
-339.50336
-343.07397
-412.1618
-358.75223
-332.69034
-342.28864
-360.9862
-361.33478
-327.02435
-363.35428
-348.75446
-337.5865
-365.66544
-339.17813
-355.69016
-327.48956
-350.09393
-337.63538
-316.67456
-353.5874
-349.75378
-343.0328
-331.05917
-354.31073
-341.23785
-327.91278
-345.10928
-318.1791
-357.74725
-364.5442
-345.31506
-335.52997
-347.87372
-344.6123
-361.46066
-360.2883
-348.53232
-372.28
-358.997
-340.0691
-344.23923
-348.2054
-353.0063
-365.77673
-342.41632
-342.80167
-355.6476
-325.26562
-368.1972
-350.33093
-334.44376
-360.5343
-364.2201
-352.85403
-330.38342
-339.76743
-358.5234
-381.6484
-337.8266
-343.9447
-342.5586
-342.8949
-392.57684
-342.58246
-336.89166
-346.5893
-337.1047
-371.80435
-342.81625
-354.11877
-360.5633
-331.8858
-353.9655
-357.6853
-365.0616
-355.17096
-344.80542
-328.8133
-342.15292
-343.15897
-343.92947
-394.77344
-350.8282
-334.531
-339.56403
-348.00687
-352.34402
-353.9926
-346.37253
-364.80313
-351.69244
-349.3997
-326.37244
-335.03635
-324.7171
-343.6581
-353.9459
-355.51236
-357.08133
-334.38342
-362.30038
-333.563
-345.71503
-346.90552
-346.42554
-357.42365
-335.2895
-360.35568
-340.58493
-363.10034
-351.09784
-344.6911
-363.88544
-333.75385
-381.25714
-340.93237
-338.28397
-326.14093
-340.45663
-346.08005
-340.95392
-341.0118
-372.28253
-346.97562
-359.84427
-307.86145
-333.64795
-348.34015
-354.6935
-346.35413
-352.00098
-332.86258
-356.6645
-349.41772
-341.4926
-349.6595
-371.18448
-347.9704
-345.1997
-333.84308
-365.67017
-352.11066
-340.5696
-335.7864
-347.52927
-349.50644
-356.12164
-330.1023
-345.37997
-374.8118
-370.29358
-342.60776
-345.7251
-343.40744
-312.02905
-353.70593
-328.92007
-351.38983
-347.3893
-353.09818
-348.35223
-357.9564
-344.0783
-351.68707
-335.1414
-309.45383
-314.46652
-320.65198
-345.73013
-354.39603
-354.72635
-344.77036
-353.12985
-345.08118
-334.97415
-331.991
-340.97278
-369.0699
-348.8683
-379.59552
-342.38034
-350.70615
-345.46793
-344.09476
-352.40793
-343.677
-350.75287
-337.50287
-341.73053
-354.30844
-346.6261
-349.44986
-337.2424
-345.95596
-356.28342
-354.8194
-343.86536
-354.048
-345.06525
-340.51865
-363.292
-351.57846
-325.26273
-328.76126
-342.76434
-339.6545
-339.91833
-353.71475
-336.12836
-343.93204
-351.31592
-335.42856
-332.6015
-357.1917
-392.50726
-363.1703
-349.52036
-360.8694
-355.23203
-338.30423
-381.40836
-377.77863
-375.13025
-334.8345
-315.39444
-327.01822
-332.09634
-343.86523
-352.76797
-355.5021
-384.60098
-347.40656
-327.5386
-349.40918
-344.7709
-346.97342
-323.66467
-350.01276
-327.23175
-337.2987
-346.71948
-353.02026
-347.2775
-364.65503
-325.31854
-364.11182
-343.05573
-363.29706
-336.90292
-337.44824
-354.41254
-336.72516
-362.747
-351.81097
-343.63284
-332.72433
-359.23785
-328.70508
-349.66992
-352.07693
-357.12775
-346.9518
-351.0782
-321.9605
-365.13803
-351.6452
-344.36615
-360.84906
-356.65027
-345.7845
-347.04584
-342.58643
-348.22882
-352.69522
-350.93802
-324.6929
-332.3559
-339.99738
-352.0972
-354.68253
-346.84106
-345.15155
-353.76056
-353.5313
-339.10965
-348.171
-325.97073
-358.52887
-346.5624
-356.1477
-340.87592
-351.69855
-345.1535
-374.15625
-333.54092
-355.41064
-335.56674
-357.10187
-354.37625
-348.0843
-357.02307
-343.08667
-369.5439
-337.3949
-365.70847
-321.64148
-347.00256
-342.82916
-367.81897
-354.61615
-337.63327
-333.88455
-337.28415
-353.44604
-330.35205
-390.68707
-346.88287
-354.36783
-344.80878
-329.49393
-355.94528
-311.14044
-335.48022
-312.41858
-346.61905
-339.95874
-360.75378
-352.0545
-346.93246
-375.13092
-371.07843
-374.53864
-349.57275
-324.0606
-336.3698
-356.0019
-331.3376
-346.7449
-342.56238
-349.36246
-349.17233
-333.58426
-330.0407
-346.68
-348.00427
-364.44574
-351.1666
-352.56827
-311.72363
-383.91226
-342.15424
-353.3779
-256.91675
-332.80035
-360.5364
-359.8348
-377.8316
-353.67896
-347.7291
-342.2879
-351.30453
-333.02362
-342.8517
-358.04608
-351.02417
-327.23077
-344.48563
-362.38135
-335.93204
-345.8605
-333.562
-332.31894
-341.93405
-333.99072
-347.0096
-341.00778
-343.73126
-334.9555
-342.18683
-347.18488
-328.44818
-367.0735
-346.89737
-335.91653
-375.34125
-363.45786
-353.2879
-341.27695
-354.7374
-347.72134
-380.3149
-354.7512
-349.17517
-351.18756
-351.95602
-357.26627
-331.34662
-351.41406
-367.6443
-324.89526
-365.87604
-347.15082
-332.91574
-337.2871
-336.65936
-346.45743
-336.22186
-306.6043
-333.55847
-356.099
-362.39587
-327.3285
-360.98325
-325.45825
-342.3921
-338.4168
-363.034
-355.4172
-334.6281
-353.76642
-341.4068
-345.70703
-352.79156
-347.17938
-316.57367
-354.8819
-336.98364
-341.14993
-372.72058
-347.78845
-348.56946
-385.14606
-356.9393
-343.1458
-352.55527
-353.24945
-339.11325
-331.74832
-355.54184
-359.9032
-362.97058
-370.28864
-344.76425
-360.32816
-339.36957
-354.56406
-329.55972
-317.36105
-343.2623
-352.02222
-355.4607
-357.13763
-360.65094
-345.57953
-364.71198
-356.59784
-343.86243
-333.22498
-387.23096
-328.8501
-328.74716
-347.79895
-359.27432
-347.47165
-339.89774
-336.6723
-331.5404
-334.10638
-330.62115
-338.7527
-345.87006
-344.25604
-337.87674
-353.7808
-351.62888
-355.98337
-353.9654
-349.42566
-367.27258
-345.94183
-320.59796
-351.2839
-350.56662
-356.93457
-362.822
-336.9627
-360.27164
-342.48056
-332.26758
-341.0365
-344.89078
-341.27002
-377.96936
-360.47174
-365.7506
-340.4577
-351.92377
-355.51758
-345.4749
-355.35046
-334.06918
-360.68155
-332.64252
-331.10635
-350.65076
-384.94458
-353.38547
-310.25806
-378.6345
-323.5851
-360.9465
-342.83398
-345.44104
-372.96466
-336.79147
-362.78137
-336.1695
-356.38495
-357.86432
-375.31845
-352.18875
-344.47083
-363.08536
-350.85535
-342.26782
-341.78665
-344.78513
-351.22916
-356.10886
-350.29306
-361.7962
-323.70477
-343.679
-318.9027
-344.66077
-352.1087
-352.11066
-350.48883
-335.7897
-340.93137
-355.6194
-389.01492
-327.26193
-341.33127
-350.3722
-331.43964
-373.09485
-337.05713
-339.90305
-332.4411
-356.46136
-344.26178
-366.23956
-359.99393
-361.9224
-337.60083
-351.5266
-345.27176
-345.55923
-346.04233
-375.2838
-359.88208
-340.30075
-341.22888
-363.18423
-356.5206
-343.43927
-342.1358
-345.75546
-330.67697
-358.25998
-346.94934
-347.8611
-355.63953
-339.82187
-381.06696
-357.42996
-340.09427
-350.17154
-325.82047
-344.60742
-340.29642
-346.41223
-340.06885
-350.79077
-335.26245
-351.89078
-337.736
-332.10547
-352.8759
-333.28067
-341.92358
-355.18536
-348.1245
-344.3551
-331.09476
-346.0212
-332.84335
-333.06274
-340.5586
-345.92462
-348.34528
-345.91086
-366.81366
-340.7344
-383.3472
-352.62302
-338.70776
-345.52307
-352.38416
-352.75195
-349.69885
-358.73392
-362.3657
-348.24158
-350.20215
-364.63135
-345.36227
-345.43298
-341.64288
-347.7752
-352.39713
-347.10266
-346.11316
-397.17377
-349.8959
-341.4709
-334.3843
-369.71124
-360.18884
-327.93628
-328.6812
-346.9829
-351.0387
-354.54
-332.03134
-350.5306
-353.37534
-363.327
-329.35736
-347.5185
-364.56448
-345.701
-346.32404
-341.95953
-349.57242
-345.24872
-335.78305
-349.1179
-355.32074
-338.79034
-355.28677
-338.73514
-349.52795
-342.97562
-346.30405
-357.95285
-344.44647
-348.49622
-361.1317
-343.2211
-328.62976
-356.96014
-339.37885
-347.56744
-348.2445
-330.55945
-333.63388
-349.05035
-351.14087
-359.95883
-336.6802
-342.606
-315.93555
-337.6665
-347.9728
-353.08392
-355.9864
-307.40152
-349.71664
-362.7544
-349.69043
-328.20538
-349.56485
-322.29306
-341.78027
-353.55353
-335.21283
-348.55676
-354.07184
-330.66086
-334.40137
-298.2324
-343.7889
-354.12515
-333.31985
-362.99225
-370.45044
-339.31726
-334.99408
-349.20227
-369.57025
-345.96475
-352.93292
-342.22644
-361.35193
-348.33414
-336.67242
-330.80835
-354.49707
-329.93777
-348.396
-321.6021
-358.71848
-336.01425
-354.84155
-348.10736
-346.4845
-360.9288
-349.02997
-334.24536
-346.1637
-318.2245
-338.55023
-364.35086
-328.06525
-343.80896
-338.2422
-362.57663
-329.94043
-355.18054
-362.56604
-350.88416
-344.06815
-348.71085
-358.44385
-343.6229
-355.0661
-341.2233
-351.27826
-384.43616
-393.5135
-343.12537
-359.95197
-338.78897
-357.34167
-349.8367
-336.584
-344.54947
-345.32272
-348.53607
-323.05692
-353.01678
-329.08035
-350.73535
-340.3995
-337.6729
-352.31262
-347.5405
-355.66595
-347.1902
-326.16296
-339.4569
-345.92133
-365.58
-339.1572
-348.50443
-347.65762
-364.88162
-352.21326
-328.36298
-327.90332
-368.36963
-356.12537
-360.54883
-350.51343
-342.7625
-349.50217
-327.43756
-362.601
-335.489
-351.4732
-346.59924
-354.7048
-349.09695
-365.9434
-345.61304
-341.63303
-357.4477
-334.02954
-345.67267
-342.4872
-343.74097
-348.50473
-359.08752
-358.45694
-352.85486
-321.66333
-335.6677
-355.2869
-345.0949
-361.84198
-340.15585
-349.08902
-338.82474
-343.33002
-339.5727
-343.90668
-318.4595
-360.7058
-351.78275
-322.4715
-326.3413
-351.13055
-332.97742
-347.5139
-363.8336
-352.67456
-341.4271
-357.99377
-351.7096
-350.74167
-351.01392
-351.73755
-327.30554
-369.1209
-350.5268
-347.98572
-351.0978
-330.4984
-337.99216
-344.00867
-348.14233
-329.75677
-336.66345
-337.97992
-311.04404
-354.1457
-368.35266
-334.17905
-329.00485
-350.7475
-326.30658
-333.9225
-364.12912
-347.8042
-335.41672
-340.47577
-334.19724
-343.5786
-325.93918
-343.39603
-345.4171
-324.84576
-351.9877
-324.66748
-357.63864
-365.36142
-337.63342
-353.06537
-317.842
-321.53348
-352.7747
-369.39413
-342.8376
-354.1143
-395.5422
-344.44543
-339.3808
-351.62634
-332.55624
-337.73383
-319.75992
-358.77954
-368.34128
-345.75452
-326.32532
-337.6136
-328.98276
-338.6689
-351.9737
-363.84302
-348.68103
-358.93146
-344.2277
-343.9637
-336.3308
-335.76712
-334.4277
-333.5613
-380.99548
-325.3819
-343.09778
-352.31955
-301.45892
-335.916
-349.6577
-332.06134
-354.8188
-331.73987
-349.04004
-381.46274
-339.7694
-358.14087
-354.53015
-347.03717
-354.90732
-327.27725
-359.45197
-361.12796
-345.2115
-346.2274
-330.74908
-353.8583
-357.02698
-356.55154
-367.42334
-361.29013
-329.51715
-352.50238
-352.08972
-372.62427
-351.18427
-363.4546
-348.88803
-341.86993
-331.61957
-346.4594
-349.27234
-339.4403
-354.97852
-349.7782
-336.46478
-356.97516
-366.88165
-352.84998
-340.94092
-374.27948
-367.86084
-357.2472
-347.0714
-339.817
-343.50708
-344.3638
-385.88757
-342.59048
-347.9869
-348.84598
-366.2318
-365.42358
-345.3198
-361.53622
-344.4722
-343.22092
-334.25888
-364.51184
-334.70465
-359.7088
-353.1645
-361.59433
-333.5138
-313.46948
-319.27417
-355.51514
-345.46854
-360.2204
-357.34344
-345.81418
-358.20868
-353.75693
-325.3161
-343.9013
-354.7713
-345.4225
-341.0246
-322.63297
-333.942
-327.5671
-345.37683
-340.63818
-355.14172
-352.48993
-367.10876
-346.6982
-355.22888
-345.15668
-360.89777
-329.5382
-364.78476
-355.09235
-362.47934
-346.03726
-349.50266
-346.67957
-364.0607
-353.51395
-319.45258
-351.78635
-352.02945
-335.28864
-345.9854
-336.2237
-341.5643
-349.39633
-339.29657
-375.98947
-341.43558
-344.62262
-327.02695
-331.25406
-345.60458
-362.2516
-343.95822
-352.7841
-388.59875
-356.9011
-353.3262
-336.5218
-348.0658
-348.75565
-352.116
-384.62152
-334.64017
-345.3615
-342.9559
-358.2918
-345.42245
-355.708
-353.04556
-342.60834
-352.0968
-331.55618
-340.09464
-337.64294
-325.52542
-358.0587
-352.26202
-354.57413
-352.93115
-326.15805
-345.52747
-360.1687
-364.29062
-346.8004
-358.22226
-362.78
-351.90793
-342.42944
-346.4027
-341.27905
-350.42667
-348.2285
-351.7716
-378.48526
-372.68124
-349.27924
-360.1073
-326.08563
-345.28534
-345.45862
-371.88605
-349.88513
-329.94543
-351.89423
-351.91107
-350.19608
-334.9002
-337.56512
-322.22733
-345.765
-344.22354
-351.41556
-356.96066
-345.7782
-368.51984
-334.33313
-343.8035
-377.03278
-344.2028
-368.2109
-316.78033
-342.99905
-338.06564
-349.06677
-344.0827
-348.87546
-348.6962
-340.21817
-339.70947
-340.16193
-326.94083
-336.75098
-350.711
-329.22437
-345.67358
-351.47107
-343.24817
-329.2405
-355.97168
-348.29807
-351.576
-341.60248
-362.0243
-347.1991
-336.4196
-341.36182
-319.3298
-334.29645
-359.5699
-355.52048
-328.32693
-328.0491
-358.1532
-343.82834
-347.96393
-344.68533
-332.27246
-360.21298
-345.97656
-352.04044
-352.40567
-341.27808
-339.92676
-340.0227
-335.17212
-343.66058
-329.85028
-333.81876
-345.8251
-368.70087
-347.88318
-359.32465
-337.668
-341.9898
-337.47745
-350.4184
-337.91486
-381.11868
-381.52338
-312.1704
-350.85202
-338.9922
-348.4769
-359.07486
-360.8694
-336.7733
-343.99118
-333.53906
-320.97446
-342.1044
-342.94046
-359.65656
-337.52313
-339.0366
-379.35825
-347.8582
-347.85834
-377.04358
-365.0258
-354.23752
-354.2528
-352.78265
-397.114
-345.78775
-347.1902
-350.11322
-347.2185
-339.87823
-356.36176
-357.83682
-364.19894
-325.16385
-343.12006
-359.72952
-340.25735
-369.12048
-362.52484
-348.62268
-336.8627
-349.81116
-363.9816
-354.64114
-336.36002
-340.17242
-341.57623
-319.7444
-340.56848
-356.9997
-362.35446
-357.03152
-352.1384
-362.13867
-336.728
-350.35284
-346.72998
-353.52704
-321.52618
-344.79285
-344.36172
-346.83456
-348.62015
-348.11966
-373.40454
-346.28802
-345.54834
-348.14886
-357.59998
-362.4064
-348.25253
-340.8863
-348.28082
-321.3092
-364.6305
-343.84097
-350.5396
-349.8219
-334.22177
-355.7682
-340.7654
-353.7126
-349.3436
-337.2934
-354.42923
-317.84058
-351.4184
-371.34952
-345.2119
-345.48676
-347.93518
-343.88574
-335.0987
-347.674
-324.1129
-360.11038
-340.77362
-353.66803
-347.5601
-338.93707
-348.4014
-352.13162
-340.17755
-335.19922
-349.02206
-355.14612
-353.39206
-359.53754
-354.3097
-341.94666
-342.66394
-351.75458
-344.47086
-361.52664
-330.25546
-341.54083
-365.2753
-352.71417
-341.13312
-373.00714
-336.04373
-325.05023
-344.70612
-344.98477
-348.8186
-368.4193
-344.66635
-334.6775
-342.93304
-352.08
-320.63382
-349.5063
-323.08057
-331.29468
-344.52716
-305.58444
-345.65396
-344.46484
-360.31854
-345.99567
-364.36685
-344.52756
-329.2111
-337.15796
-344.09412
-336.17917
-333.2668
-351.25452
-350.22595
-348.33514
-357.42722
-351.03885
-347.2269
-344.62393
-384.51923
-341.39066
-347.32465
-341.28195
-352.33136
-327.78098
-408.62604
-347.35223
-323.24274
-346.29105
-331.7954
-343.91272
-331.46445
-342.0209
-336.8769
-330.903
-354.41205
-350.2586
-328.50095
-343.9513
-365.58908
-350.37637
-343.16623
-348.0917
-339.21497
-356.34085
-346.23746
-331.98425
-353.06647
-343.07483
-352.58093
-352.25293
-356.1951
-342.48303
-331.0978
-350.49622
-319.95953
-329.41107
-337.0878
-347.48602
-365.003
-350.09436
-347.79358
-335.92398
-333.70456
-337.3612
-350.3755
-351.06174
-340.68814
-338.9596
-350.08655
-343.9082
-340.83627
-352.19122
-350.99777
-320.34442
-357.88388
-349.75668
-353.2113
-349.48642
-341.2378
-335.01773
-329.95117
-346.12842
-338.7451
-336.90967
-340.9818
-341.4654
-327.92276
-354.6676
-325.35306
-354.4748
-352.84882
-344.91687
-349.1537
-345.7839
-356.29434
-344.15594
-363.84045
-348.27744
-339.67932
-341.13718
-363.42596
-346.16492
-370.61646
-347.1726
-348.33176
-371.4762
-350.285
-351.6598
-335.39465
-344.3345
-349.18127
-351.4915
-338.21448
-356.58063
-359.3739
-361.87628
-321.15787
-335.2987
-343.08862
-328.9161
-355.77368
-345.8047
-365.00754
-352.3314
-342.55576
-329.52032
-318.09656
-336.1952
-344.13712
-355.62784
-351.08972
-355.49414
-363.89978
-344.07074
-337.94592
-369.98938
-356.00836
-344.583
-359.00964
-343.0427
-339.71765
-359.55627
-337.00726
-351.7356
-351.0173
-376.3042
-370.91245
-339.7258
-351.0066
-351.87982
-360.74918
-343.1334
-342.90994
-349.1713
-350.75934
-361.49783
-354.41907
-352.4573
-337.62268
-353.38342
-338.6636
-353.84515
-354.95306
-349.0089
-329.83295
-338.84354
-342.4385
-346.77643
-324.4899
-344.3119
-344.12494
-336.90814
-347.24762
-360.74103
-349.8562
-355.71228
-355.32465
-328.8207
-346.4579
-350.47662
-378.8471
-353.86456
-336.16312
-356.3779
-352.79257
-340.53204
-372.15173
-348.19125
-332.02036
-346.94373
-356.01425
-347.7939
-328.19
-367.9795
-351.11218
-352.8144
-353.8952
-339.4916
-335.46585
-341.54718
-346.85742
-347.1902
-341.50754
-335.67566
-332.86014
-323.1547
-343.50427
-350.58594
-339.09344
-356.84616
-351.59265
-358.18356
-332.81824
-354.71667
-336.32516
-328.8354
-361.70886
-344.27448
-322.16553
-357.12476
-326.7468
-320.22543
-359.6136
-346.2471
-372.47174
-328.00385
-346.70737
-345.18176
-346.01712
-326.83282
-337.28766
-344.03247
-375.2027
-339.3771
-346.23837
-366.3995
-310.38663
-343.65662
-375.22186
-363.72473
-355.71466
-353.4748
-337.93835
-343.4131
-342.4293
-368.37674
-348.25488
-332.7713
-348.6269
-313.99002
-367.90073
-351.77646
-328.93005
-338.44458
-366.1591
-340.6095
-360.85367
-360.59845
-354.90833
-359.46432
-363.96237
-343.7149
-351.17023
-327.84683
-320.05695
-339.82156
-350.51917
-355.60522
-358.2432
-383.27264
-331.3025
-365.94666
-346.25394
-341.36478
-338.07144
-361.02252
-335.42673
-337.39224
-366.713
-337.69138
-347.2644
-332.42603
-343.682
-346.54724
-375.8857
-351.55292
-324.068
-310.6072
-347.35565
-334.65515
-344.9219
-340.26184
-366.13116
-352.97205
-343.66626
-330.1381
-357.13998
-332.17532
-367.89105
-357.0597
-352.4167
-355.06796
-321.60593
-313.74597
-339.54913
-351.84735
-345.33606
-325.42944
-338.66217
-326.91275
-341.20316
-351.5167
-340.0176
-347.06064
-335.17575
-374.04755
-349.13297
-370.9458
-319.53073
-333.3757
-341.3451
-301.1984
-336.6727
-342.49063
-354.86853
-331.6321
-330.26855
-385.7377
-354.8249
-384.50525
-319.25122
-335.5343
-347.83017
-357.55145
-359.48694
-343.7423
-346.64072
-347.96704
-312.15887
-321.41925
-348.5596
-343.18747
-364.03003
-357.61563
-329.18665
-353.40585
-357.58298
-361.99643
-328.85034
-352.0907
-347.07172
-326.0507
-335.55408
-368.76288
-346.09384
-337.24643
-347.7124
-364.99246
-380.44724
-353.18417
-304.5573
-345.16266
-316.11377
-351.72122
-369.47745
-339.36224
-347.68393
-360.3231
-348.37628
-349.45862
-331.61288
-343.8337
-380.90073
-350.61096
-343.43732
-339.81628
-347.6919
-347.3792
-352.75217
-348.83432
-333.9007
-358.78394
-330.57135
-344.2197
-398.46097
-372.89847
-347.10236
-333.52145
-355.91748
-335.02924
-340.85822
-343.71893
-350.53268
-365.65707
-341.22696
-354.70746
-348.3133
-343.28674
-372.5608
-355.20807
-360.12238
-350.171
-363.4068
-348.6892
-360.9191
-352.99274
-337.58365
-363.3865
-358.06946
-350.56192
-350.0705
-368.58926
-353.65607
-322.7874
-340.4154
-349.35736
-357.34192
-322.81036
-341.4426
-345.1771
-372.28693
-351.88583
-316.41986
-330.76364
-361.28183
-354.5105
-346.8834
-347.40372
-339.11374
-330.14487
-329.92786
-344.58868
-354.9937
-320.43488
-352.91116
-354.07278
-336.7594
-344.36108
-339.79932
-361.6074
-336.73105
-346.7777
-339.17288
-347.61377
-352.68726
-363.4496
-359.00293
-334.0053
-321.23376
-328.98166
-354.53824
-367.0147
-351.40323
-365.04852
-363.06754
-349.25696
-338.49692
-319.18787
-341.0064
-362.49368
-342.10867
-362.14362
-340.56927
-338.52386
-350.35733
-336.95264
-362.00323
-349.66956
-350.93774
-356.82544
-338.9436
-397.70483
-346.36127
-364.80734
-333.65665
-321.61758
-330.85846
-352.61444
-327.92902
-341.9258
-333.59576
-357.01025
-345.872
-343.91568
-357.2036
-345.78476
-345.06458
-356.22687
-362.54074
-348.8817
-348.7463
-349.8877
-321.23474
-341.54468
-342.35852
-330.32285
-366.78513
-377.57605
-349.62064
-359.0755
-353.28677
-336.5644
-323.70462
-357.82532
-349.05905
-349.8402
-337.1895
-345.41885
-353.2633
-354.23636
-329.72546
-353.27173
-357.05847
-348.8871
-349.897
-326.73538
-372.4538
-325.47574
-345.0632
-339.9703
-364.5501
-356.08554
-334.35193
-335.5611
-366.03833
-360.91617
-343.63013
-344.0828
-345.05612
-356.6669
-332.8263
-354.08847
-351.12292
-347.76575
-314.03055
-362.18954
-342.59525
-351.3881
-339.19086
-340.166
-353.08347
-308.87817
-368.3412
-330.071
-357.53708
-340.33508
-341.3163
-369.42682
-342.4704
-339.44208
-336.6749
-326.37793
-330.05356
-372.68088
-346.06705
-327.82626
-347.6573
-310.2813
-338.24872
-336.9807
-347.59634
-353.58688
-353.25348
-356.71872
-361.1662
-322.86365
-344.4987
-348.42822
-338.05695
-356.11697
-342.73083
-337.88168
-374.8656
-340.532
-343.63803
-366.2368
-349.32123
-341.56976
-357.66742
-359.39655
-362.6225
-349.95953
-345.12952
-336.3778
-353.49487
-323.00452
-346.4878
-350.2376
-382.16327
-340.29642
-337.64023
-350.79578
-388.39966
-347.91138
-353.96173
-334.41675
-325.70593
-338.51367
-348.99054
-332.29208
-351.58655
-346.15692
-312.4812
-347.2832
-368.06586
-339.97546
-353.44904
-351.9331
-341.86432
-333.01242
-355.7948
-326.38492
-340.32465
-360.32822
-337.91656
-350.74884
-359.12872
-341.1145
-345.70364
-329.60544
-359.4527
-343.29202
-352.90634
-349.3972
-322.065
-355.26334
-321.12643
-325.25507
-317.97372
-324.40955
-351.17252
-345.3711
-355.04303
-349.03458
-348.80334
-345.1975
-343.2847
-330.83096
-371.9204
-349.06854
-330.50702
-351.39706
-372.61172
-323.42764
-353.6142
-338.84354
-350.09903
-358.21387
-352.45654
-357.36398
-349.2375
-339.87036
-344.38495
-321.49127
-347.01035
-329.8893
-356.6411
-390.53214
-322.68903
-340.29642
-352.06085
-350.24835
-355.72586
-346.67517
-343.31223
-327.5115
-364.2506
-349.67142
-321.09247
-340.78046
-343.42215
-349.99033
-355.2194
-345.05157
-408.8919
-338.32803
-343.4534
-359.7181
-351.19016
-356.0111
-330.0203
-366.37112
-349.115
-391.98865
-334.78378
-337.4063
-337.40915
-353.47003
-338.70633
-358.82568
-341.05737
-365.6828
-328.79413
-359.0682
-355.73615
-354.03387
-339.13605
-344.02673
-353.3091
-389.1344
-349.57114
-349.13196
-325.6119
-339.7195
-351.25998
-340.78265
-347.34778
-352.25357
-343.81674
-347.83823
-362.1445
-361.55396
-348.10696
-381.12988
-336.51016
-352.73495
-341.93472
-353.1703
-343.1997
-329.88483
-323.69397
-343.1517
-342.673
-347.62552
-326.8596
-349.69327
-349.78738
-346.83975
-354.9362
-354.12128
-346.478
-342.98712
-350.9544
-345.83
-353.6981
-324.0948
-328.88922
-347.091
-355.5384
-337.14606
-329.6778
-337.93768
-339.62698
-307.77023
-358.5636
-332.57706
-343.62515
-336.0766
-332.48718
-337.00424
-365.98572
-350.29797
-347.94403
-335.39172
-350.2356
-371.73553
-351.72473
-340.53387
-353.3643
-362.69522
-372.8258
-346.26468
-349.27692
-349.74887
-334.7844
-340.05847
-352.59164
-362.23166
-363.69562
-385.33038
-353.39014
-347.73083
-361.95776
-336.63675
-321.5067
-348.47528
-369.40048
-344.3814
-344.4922
-369.49625
-337.3014
-350.0874
-328.89813
-331.86246
-349.07797
-339.2924
-353.03186
-347.8331
-338.94077
-358.1207
-389.87073
-354.0332
-347.89215
-344.74628
-346.031
-354.51447
-330.22717
-318.53592
-341.7076
-339.44043
-346.73535
-337.55286
-362.16748
-327.3675
-337.57294
-325.77103
-346.97824
-353.43927
-343.43253
-335.981
-325.224
-371.5341
-352.39722
-355.8064
-339.53357
-349.7486
-335.32422
-344.65894
-353.68692
-339.48688
-339.44476
-351.96927
-343.0787
-360.15637
-353.36798
-345.42767
-341.20288
-335.58514
-360.3948
-339.88562
-324.16034
-354.7409
-340.10742
-358.0822
-325.12274
-371.20084
-348.46576
-352.48218
-340.73245
-351.42343
-350.958
-348.6737
-338.1928
-345.0589
-341.0612
-358.1424
-350.39023
-352.19028
-349.03638
-355.21375
-376.78833
-343.6957
-363.93292
-323.7836
-330.6123
-326.6597
-334.005
-351.18454
-346.42157
-338.64185
-315.40378
-343.15805
-357.89325
-364.43958
-346.89423
-321.14093
-371.8847
-340.774
-333.7237
-347.79538
-311.8002
-332.4409
-350.88763
-349.1076
-357.12915
-343.8843
-329.78357
-344.75903
-341.55392
-357.19656
-356.68408
-345.2692
-350.35956
-325.05328
-348.72684
-345.8795
-357.96954
-344.8723
-355.94482
-358.5674
-348.80835
-354.69254
-351.52402
-339.3577
-354.75223
-357.068
-344.04288
-345.19653
-345.8865
-365.62653
-362.713
-336.90698
-332.04065
-359.34457
-343.73438
-361.8248
-331.95462
-301.2482
-375.01257
-363.50177
-362.50482
-338.39868
-328.6241
-347.1974
-348.18475
-346.8495
-345.65665
-354.32886
-351.07422
-334.47003
-345.31573
-372.1035
-332.93195
-364.78235
-343.33322
-317.65564
-355.81866
-338.22534
-355.41833
-335.1714
-348.0061
-354.02057
-326.98813
-327.76782
-340.7684
-352.0076
-351.3579
-363.27795
-310.35736
-349.4148
-390.40808
-348.9729
-349.90353
-341.9884
-354.2375
-342.53815
-357.79486
-356.5418
-349.95667
-344.36105
-339.4432
-342.85532
-334.67007
-344.73456
-335.23425
-338.46716
-335.1598
-350.33017
-352.04
-333.7797
-350.14255
-352.0078
-359.56937
-329.75833
-359.5601
-336.00092
-360.31384
-345.19574
-357.72906
-365.7505
-374.00754
-351.37192
-346.29303
-367.25537
-349.72705
-330.34543
-363.0349
-357.86856
-362.5464
-339.60205
-347.19122
-357.29382
-364.15002
-328.21533
-319.43143
-332.23962
-362.03903
-332.16953
-340.03867
-370.84485
-373.79062
-326.55487
-329.29102
-336.90942
-350.45496
-359.61432
-343.11328
-347.78986
-353.35196
-339.40387
-317.02014
-331.97803
-362.2051
-356.40897
-333.3153
-350.33444
-336.83057
-347.09247
-356.44373
-363.1231
-372.22772
-349.1247
-367.47308
-339.80707
-364.05536
-343.1092
-357.73645
-333.50732
-338.9029
-350.53897
-347.27487
-346.1119
-392.10464
-356.24777
-349.1951
-344.05173
-338.90417
-376.7084
-341.6301
-360.78763
-345.86798
-359.26392
-361.79584
-344.87225
-326.65866
-338.94562
-359.41528
-371.33392
-360.93835
-357.51062
-295.99197
-339.65128
-357.78094
-342.79825
-333.2984
-346.38275
-347.2723
-332.07605
-344.72278
-339.1622
-342.08347
-343.09344
-333.6254
-357.34808
-359.48642
-356.33377
-364.57898
-345.36212
-349.01892
-333.00983
-340.4768
-341.64313
-345.9743
-345.30493
-348.73016
-354.28918
-358.77832
-361.92148
-348.32126
-342.91565
-350.23633
-363.41083
-347.1412
-345.5865
-349.54016
-348.28925
-353.5942
-348.8017
-338.768
-357.79773
-348.71185
-329.13885
-337.565
-339.62183
-362.52133
-341.52594
-352.7587
-335.30945
-344.76154
-356.1702
-353.70374
-345.61288
-350.7092
-345.3927
-344.88776
-342.5172
-348.29288
-345.4137
-365.11032
-345.71527
-338.57184
-368.71143
-352.6669
-338.77783
-351.75842
-345.07217
-325.18323
-381.80627
-332.42822
-347.33453
-340.5649
-339.89484
-357.80316
-348.55835
-346.60672
-324.59702
-352.21155
-347.17203
-357.84583
-327.26205
-352.08365
-326.36017
-347.19577
-363.33844
-338.58276
-346.90024
-332.7225
-358.63547
-361.97992
-361.4654
-344.74048
-341.57864
-335.91745
-380.83023
-336.84323
-346.13742
-357.3402
-314.4024
-350.53644
-333.9168
-374.76483
-347.22766
-357.7552
-353.64175
-347.59912
-341.4483
-319.88828
-368.2955
-333.71783
-346.89728
-340.9869
-334.69284
-353.5155
-340.9809
-341.67416
-342.35406
-337.7466
-343.22485
-353.79688
-359.03055
-362.12766
-319.26068
-336.1829
-331.91092
-367.8729
-322.39343
-313.35345
-343.06613
-336.57855
-356.84372
-357.16022
-362.96634
-373.98483
-365.72565
-353.46045
-346.68765
-355.2439
-337.3077
-336.528
-356.411
-342.56927
-351.9527
-341.77628
-346.18524
-337.4565
-338.13788
-363.4404
-341.58456
-354.53027
-343.7942
-324.29138
-346.35602
-341.27478
-369.07526
-329.16467
-353.26898
-357.5146
-358.0328
-343.86243
-341.4908
-353.5815
-351.36548
-333.16315
-394.8877
-346.0531
-360.43747
-350.34344
-356.5876
-353.065
-341.38718
-353.3794
-331.874
-359.81592
-324.62402
-359.5783
-355.66037
-353.20096
-347.05646
-342.87885
-349.7185
-368.94437
-333.79745
-346.01987
-344.9589
-344.04584
-329.1789
-322.22205
-353.48407
-347.13266
-353.2677
-350.8711
-349.75748
-341.65317
-358.02832
-351.2475
-366.41858
-343.30914
-350.68457
-362.057
-349.12262
-355.77475
-354.8366
-348.4116
-345.846
-350.45596
-348.9909
-339.06253
-334.0849
-345.49765
-354.28146
-355.874
-350.58905
-340.64905
-339.0584
-336.77084
-361.282
-340.71765
-356.28357
-332.50412
-379.25522
-344.0193
-330.15027
-346.05325
-354.94476
-347.57764
-373.2377
-314.56497
-353.8578
-339.24857
-357.9173
-345.4991
-368.18442
-347.09705
-342.3808
-345.0228
-343.90363
-318.344
-318.75635
-358.03824
-344.27258
-345.95898
-348.54352
-357.94373
-328.2297
-350.44284
-350.32947
-331.6799
-344.96625
-349.39594
-348.76215
-331.7839
-337.21457
-348.39636
-342.36316
-334.96457
-366.95978
-346.52402
-340.59216
-339.8412
-353.83167
-339.1803
-357.32468
-342.73935
-340.8275
-356.2839
-360.50424
-326.95746
-342.58942
-362.05963
-338.44513
-364.90778
-354.33148
-352.6988
-341.94214
-341.64374
-360.48923
-341.15213
-347.1725
-345.4051
-343.7208
-341.7292
-365.88672
-348.94196
-333.16394
-341.4843
-359.73666
-341.75842
-341.71515
-331.68588
-373.24167
-339.39825
-346.3804
-342.44333
-338.09097
-342.81708
-338.55975
-336.8675
-344.61002
-349.79807
-355.23987
-353.5731
-344.51416
-356.61426
-331.88202
-352.7198
-336.96204
-353.5386
-343.87808
-353.76923
-351.27307
-388.1047
-344.4554
-382.31726
-329.8848
-345.83234
-349.59528
-346.0194
-346.841
-346.61273
-324.28702
-337.48624
-367.44348
-341.72247
-342.57504
-360.77942
-378.01044
-320.31903
-362.13654
-356.5454
-359.93948
-353.708
-328.78323
-353.3263
-338.42197
-350.53177
-334.3946
-334.21185
-340.12436
-342.38004
-337.99884
-334.20486
-311.60968
-338.93762
-363.72867
-359.78113
-356.49524
-319.31744
-359.01883
-345.8259
-326.00598
-334.6876
-335.30524
-360.5492
-350.56238
-367.63757
-359.24374
-347.1298
-330.65366
-347.93518
-357.15277
-335.0013
-366.95773
-340.9348
-319.70978
-356.14514
-336.8634
-319.42526
-355.64838
-346.3034
-351.2607
-302.78906
-334.39108
-337.65704
-336.02338
-351.25116
-356.79614
-331.86975
-340.95605
-341.543
-343.56766
-341.6376
-341.3469
-357.42783
-359.95374
-326.81076
-350.14124
-337.72797
-363.18756
-354.7475
-340.17242
-363.08572
-343.96045
-351.99445
-357.1371
-344.0461
-325.1996
-348.53607
-339.61856
-343.02203
-405.86945
-337.93896
-344.5096
-363.17282
-353.82657
-342.96933
-331.98917
-344.36084
-354.48923
-345.70352
-350.49594
-348.08463
-342.84442
-351.5493
-386.94287
-320.81934
-344.30438
-303.0403
-341.06754
-358.44305
-360.27335
-361.03687
-333.3676
-348.10733
-330.27377
-355.80194
-347.26813
-349.72504
-390.04938
-363.10907
-366.48853
-351.94003
-344.9386
-353.7746
-361.29422
-344.97565
-349.21057
-353.82416
-348.9918
-383.02063
-347.8729
-351.3691
-352.26157
-348.72055
-327.0283
-345.7552
-362.34836
-332.55957
-333.38382
-351.66055
-344.687
-336.32632
-346.66144
-332.97232
-351.67804
-356.03168
-333.032
-333.89676
-353.34653
-344.98926
-346.0472
-334.4995
-358.14276
-338.97806
-329.44763
-354.7334
-356.71924
-374.5277
-331.8193
-354.99756
-354.50394
-337.0942
-338.18097
-322.0414
-331.20132
-356.1187
-340.03497
-345.41937
-356.0936
-347.88525
-342.98773
-340.30618
-362.49048
-344.9891
-335.97226
-353.59094
-353.00027
-352.39368
-341.5354
-379.4092
-345.30576
-354.71637
-355.68488
-345.31598
-347.08606
-301.1435
-362.67874
-352.9214
-348.51974
-337.565
-363.67258
-354.09094
-359.82758
-360.8194
-349.31625
-356.52643
-353.33078
-342.1592
-338.1832
-352.73926
-339.0459
-350.22186
-340.8194
-357.65485
-340.5028
-350.48236
-340.77554
-375.6218
-340.61636
-329.8676
-343.54236
-336.59903
-337.42102
-328.04056
-348.93597
-356.3906
-354.2696
-324.83276
-355.505
-351.5166
-360.6211
-313.35114
-371.9224
-364.9152
-392.36893
-368.73596
-345.68195
-344.48413
-359.09338
-341.99628
-382.0387
-331.5977
-345.06192
-338.12604
-362.7208
-325.91223
-350.73938
-334.3641
-343.65158
-375.93167
-343.33664
-337.50357
-369.48502
-340.00876
-337.07773
-356.89374
-358.08185
-335.6261
-323.85095
-339.76825
-363.96338
-353.35684
-361.26288
-355.52716
-348.97293
-326.63428
-366.81403
-352.54858
-370.48657
-344.02783
-342.00638
-352.21942
-323.8274
-354.48535
-352.8039
-368.90005
-340.61047
-331.54147
-340.97324
-355.21625
-369.69727
-336.05243
-336.4648
-331.78107
-355.31796
-353.53333
-350.00433
-360.60904
-334.75836
-314.05634
-330.17346
-330.96393
-343.3154
-357.27463
-348.1648
-369.40518
-350.30954
-344.0375
-381.06958
-347.37863
-346.12527
-342.76154
-372.11786
-332.97766
-371.84512
-357.6584
-350.12418
-362.2107
-331.8743
-361.03345
-344.70877
-344.115
-302.7776
-347.126
-345.68988
-347.46002
-345.88138
-357.44153
-351.65417
-336.9114
-348.1054
-338.1735
-353.48633
-345.54303
-340.37747
-349.9673
-363.38965
-341.69302
-351.40564
-337.97433
-381.74484
-343.23883
-346.23572
-341.16562
-353.9604
-347.09845
-322.52567
-336.44617
-357.6685
-342.0525
-340.31238
-346.37384
-354.22974
-333.9031
-343.43454
-343.71597
-367.04773
-359.29666
-360.10333
-340.56506
-348.4025
-318.96466
-356.17697
-338.7456
-356.69366
-343.89795
-342.42926
-335.3923
-370.88025
-342.68713
-349.062
-342.5686
-372.77496
-348.92856
-334.22525
-337.8043
-344.0207
-379.92865
-335.1227
-350.62192
-365.2095
-345.36932
-330.72992
-321.08008
-355.202
-321.51666
-384.8224
-345.2779
-328.54562
-341.89905
-354.1314
-326.2387
-344.52463
-343.5864
-343.6187
-371.1046
-337.75156
-343.67065
-368.24136
-352.54584
-330.97903
-329.80585
-352.81784
-342.67432
-350.38733
-335.05853
-354.07303
-369.88953
-327.22604
-336.06116
-339.00375
-358.2155
-324.99585
-335.51147
-342.4925
-349.27936
-334.1758
-353.08313
-339.10825
-336.09607
-329.06363
-344.33234
-358.90952
-345.89435
-340.9416
-345.75366
-332.59802
-343.46945
-355.71948
-346.1674
-343.33545
-344.90332
-351.42282
-350.15903
-349.27692
-342.74905
-348.21246
-352.05258
-316.10693
-361.37036
-343.61853
-337.9831
-338.3776
-350.2218
-341.25903
-342.208
-368.8725
-336.79282
-347.29782
-349.61533
-357.03995
-351.8086
-355.27142
-329.611
-342.8354
-341.94785
-326.52734
-348.65347
-344.41498
-343.58688
-340.69592
-340.50827
-365.35913
-373.40207
-328.3144
-354.01123
-328.61758
-319.05106
-337.95905
-374.52454
-338.56494
-321.29047
-350.6304
-329.62854
-351.0509
-345.66833
-356.1855
-347.41397
-354.31592
-357.06833
-351.57178
-347.17252
-370.78564
-327.46655
-354.44247
-361.01508
-343.229
-344.0201
-352.16266
-342.23615
-338.1678
-352.64212
-355.10272
-340.1956
-300.17987
-336.83292
-346.96597
-346.7861
-333.96
-345.74716
-356.72687
-328.02426
-342.10513
-370.03763
-345.7265
-342.62125
-358.1496
-382.01605
-360.0463
-308.13443
-352.609
-334.10947
-343.14984
-350.1031
-357.31873
-337.19885
-363.3187
-350.61792
-319.32892
-339.96396
-338.12
-357.2232
-351.65884
-346.48993
-337.29218
-353.63583
-332.28772
-343.05438
-350.04443
-323.22922
-355.6067
-348.83234
-341.4289
-357.49503
-343.4201
-311.76413
-326.96017
-349.367
-296.97797
-344.20694
-354.14465
-331.53424
-347.05753
-341.6765
-423.72906
-351.92914
-335.49994
-342.3396
-353.00894
-349.69302
-354.657
-334.91177
-359.3696
-348.7599
-327.23532
-356.54196
-326.24704
-351.30573
-362.43738
-341.38004
-349.23853
-346.913
-341.5067
-350.0567
-321.68967
-336.8376
-360.6076
-339.89606
-325.38153
-349.3437
-345.7856
-343.31366
-343.52313
-308.1088
-355.4618
-355.48697
-348.49652
-344.0592
-361.00146
-332.23413
-345.23938
-342.1602
-328.0587
-329.63467
-355.26807
-350.13766
-346.87048
-330.5976
-351.6188
-323.23428
-341.1802
-307.34488
-346.06705
-342.32047
-340.39703
-350.056
-329.04456
-355.313
-352.26184
-342.7798
-356.95947
-369.89392
-342.87952
-356.00995
-341.20596
-354.0634
-358.21838
-366.67694
-347.83377
-358.1316
-351.30463
-355.0773
-350.0255
-348.37195
-349.97073
-343.03168
-318.23508
-352.61203
-336.90536
-353.91913
-343.87122
-345.25137
-358.38895
-341.53616
-330.88492
-342.56238
-355.49487
-370.02094
-332.6323
-337.8424
-336.59857
-346.63943
-352.0819
-355.79648
-352.3574
-342.64133
-359.41736
-362.67392
-341.21307
-351.96292
-366.85004
-360.83533
-349.9382
-358.50934
-337.23145
-351.54803
-348.58838
-343.6784
-341.19385
-352.06406
-333.29138
-344.2102
-351.24585
-350.3023
-343.59073
-344.04034
-349.50058
-345.81915
-361.58804
-327.9724
-360.58856
-331.20218
-334.97064
-301.98898
-353.79385
-347.31653
-334.38892
-343.06824
-370.78284
-360.6188
-345.978
-349.69275
-341.01843
-356.51306
-321.2287
-371.83887
-362.70795
-340.91705
-328.0478
-351.28424
-332.53854
-330.38715
-340.83917
-350.0391
-340.97537
-340.60718
-342.3614
-342.37347
-356.9049
-326.725
-337.74792
-358.524
-341.66498
-341.70557
-367.73627
-352.94855
-336.1993
-342.79364
-357.7177
-313.7719
-338.617
-344.5114
-327.92755
-337.69208
-332.35837
-333.40247
-345.99805
-342.2261
-351.66486
-368.77698
-330.63397
-331.09534
-358.73163
-342.9749
-356.59167
-334.98566
-350.96045
-348.20517
-351.54904
-343.14795
-342.21973
-368.56854
-365.59402
-368.79376
-342.84686
-329.70984
-347.9415
-316.60825
-350.92444
-375.37375
-335.21164
-343.06827
-352.98947
-353.73807
-335.24442
-300.2283
-355.62677
-367.26428
-321.30878
-351.40652
-383.45374
-372.67026
-324.59415
-344.32437
-358.57455
-364.47803
-353.79614
